Version: 1 OpenDRIVE: ..\xodr\_overtake0.xodr, 3DModel: 
time, id, name, x, y, z, h, p, r, speed, wheel_angle, wheel_rot, centerOffsetX, centerOffsetY, centerOffsetZ, ctrl_type, height, laneId, length, model_id, obj_category, obj_type, offset, roadId, s, t, width
0.000, 0, b'Ego', 10.000, -1.500, 0.000, 0.000, 0.000, 0.000, 37.000, 0.000, 0.000, 1.400, 0.000, 0.900, 0, 1.800, -1, 5.000, 0, 0, 1, 0.000, 0, 10.000, -1.500, 2.000
0.000, 1, b'A', -0.000, -4.500, 0.000, 0.000, 0.000, 0.000, 74.000, 0.000, 0.000, 1.300, 0.000, 0.800, 0, 1.500, -2, 4.500, 2, 0, 1, 0.000, 0, 0.000, -4.500, 1.800
0.100, 0, b'Ego', 13.700, -1.500, 0.000, 0.000, 0.000, 0.000, 37.000, 0.000, 4.288, 1.400, 0.000, 0.900, 0, 1.800, -1, 5.000, 0, 0, 1, 0.000, 0, 13.700, -1.500, 2.000
0.100, 1, b'A', 7.400, -4.500, 0.000, 0.000, 0.000, 0.000, 74.000, 0.000, 2.293, 1.300, 0.000, 0.800, 0, 1.500, -2, 4.500, 2, 0, 1, 0.000, 0, 7.400, -4.500, 1.800
0.200, 0, b'Ego', 17.400, -1.500, 0.000, 0.000, 0.000, 0.000, 37.000, 0.000, 2.293, 1.400, 0.000, 0.900, 0, 1.800, -1, 5.000, 0, 0, 1, 0.000, 0, 17.400, -1.500, 2.000
0.200, 1, b'A', 14.800, -4.500, 0.000, 0.000, 0.000, 0.000, 74.000, 0.000, 4.587, 1.300, 0.000, 0.800, 0, 1.500, -2, 4.500, 2, 0, 1, 0.000, 0, 14.800, -4.500, 1.800
0.300, 0, b'Ego', 21.100, -1.500, 0.000, 0.000, 0.000, 0.000, 37.000, 0.000, 0.298, 1.400, 0.000, 0.900, 0, 1.800, -1, 5.000, 0, 0, 1, 0.000, 0, 21.100, -1.500, 2.000
0.300, 1, b'A', 22.200, -4.500, 0.000, 0.000, 0.000, 0.000, 74.000, 0.000, 0.597, 1.300, 0.000, 0.800, 0, 1.500, -2, 4.500, 2, 0, 1, 0.000, 0, 22.200, -4.500, 1.800
0.400, 0, b'Ego', 24.800, -1.500, 0.000, 0.000, 0.000, 0.000, 37.000, 0.000, 4.587, 1.400, 0.000, 0.900, 0, 1.800, -1, 5.000, 0, 0, 1, 0.000, 0, 24.800, -1.500, 2.000
0.400, 1, b'A', 29.600, -4.500, 0.000, 0.000, 0.000, 0.000, 74.000, 0.000, 2.890, 1.300, 0.000, 0.800, 0, 1.500, -2, 4.500, 2, 0, 1, 0.000, 0, 29.600, -4.500, 1.800
0.500, 0, b'Ego', 28.500, -1.500, 0.000, 0.000, 0.000, 0.000, 37.000, 0.000, 2.592, 1.400, 0.000, 0.900, 0, 1.800, -1, 5.000, 0, 0, 1, 0.000, 0, 28.500, -1.500, 2.000
0.500, 1, b'A', 37.000, -4.500, 0.000, 0.000, 0.000, 0.000, 74.000, 0.000, 5.183, 1.300, 0.000, 0.800, 0, 1.500, -2, 4.500, 2, 0, 1, 0.000, 0, 37.000, -4.500, 1.800
0.600, 0, b'Ego', 32.200, -1.500, 0.000, 0.000, 0.000, 0.000, 37.000, 0.000, 0.597, 1.400, 0.000, 0.900, 0, 1.800, -1, 5.000, 0, 0, 1, 0.000, 0, 32.200, -1.500, 2.000
0.600, 1, b'A', 44.400, -4.500, 0.000, 0.000, 0.000, 0.000, 74.000, 0.000, 1.193, 1.300, 0.000, 0.800, 0, 1.500, -2, 4.500, 2, 0, 1, 0.000, 0, 44.400, -4.500, 1.800
0.700, 0, b'Ego', 35.900, -1.500, 0.000, 0.000, 0.000, 0.000, 37.000, 0.000, 4.885, 1.400, 0.000, 0.900, 0, 1.800, -1, 5.000, 0, 0, 1, 0.000, 0, 35.900, -1.500, 2.000
0.700, 1, b'A', 51.800, -4.500, 0.000, 0.000, 0.000, 0.000, 74.000, 0.000, 3.487, 1.300, 0.000, 0.800, 0, 1.500, -2, 4.500, 2, 0, 1, 0.000, 0, 51.800, -4.500, 1.800
0.800, 0, b'Ego', 39.600, -1.500, 0.000, 0.000, 0.000, 0.000, 37.000, 0.000, 2.890, 1.400, 0.000, 0.900, 0, 1.800, -1, 5.000, 0, 0, 1, 0.000, 0, 39.600, -1.500, 2.000
0.800, 1, b'A', 59.200, -4.500, 0.000, 0.000, 0.000, 0.000, 74.000, 0.000, 5.780, 1.300, 0.000, 0.800, 0, 1.500, -2, 4.500, 2, 0, 1, 0.000, 0, 59.200, -4.500, 1.800
0.900, 0, b'Ego', 43.300, -1.500, 0.000, 0.000, 0.000, 0.000, 37.000, 0.000, 0.895, 1.400, 0.000, 0.900, 0, 1.800, -1, 5.000, 0, 0, 1, 0.000, 0, 43.300, -1.500, 2.000
0.900, 1, b'A', 66.600, -4.500, 0.000, 0.000, 0.000, 0.000, 74.000, 0.000, 1.790, 1.300, 0.000, 0.800, 0, 1.500, -2, 4.500, 2, 0, 1, 0.000, 0, 66.600, -4.500, 1.800
1.000, 0, b'Ego', 47.000, -1.500, 0.000, 0.000, 0.000, 0.000, 37.000, 0.000, 5.183, 1.400, 0.000, 0.900, 0, 1.800, -1, 5.000, 0, 0, 1, 0.000, 0, 47.000, -1.500, 2.000
1.000, 1, b'A', 74.000, -4.500, 0.000, 0.000, 0.000, 0.000, 74.000, 0.000, 4.083, 1.300, 0.000, 0.800, 0, 1.500, -2, 4.500, 2, 0, 1, 0.000, 0, 74.000, -4.500, 1.800
1.100, 0, b'Ego', 50.700, -1.500, 0.000, 0.000, 0.000, 0.000, 37.000, 0.000, 3.188, 1.400, 0.000, 0.900, 0, 1.800, -1, 5.000, 0, 0, 1, 0.000, 0, 50.700, -1.500, 2.000
1.100, 1, b'A', 81.400, -4.500, 0.000, 0.000, 0.000, 0.000, 74.000, 0.000, 0.094, 1.300, 0.000, 0.800, 0, 1.500, -2, 4.500, 2, 0, 1, 0.000, 0, 81.400, -4.500, 1.800
1.200, 0, b'Ego', 54.400, -1.500, 0.000, 0.000, 0.000, 0.000, 37.000, 0.000, 1.193, 1.400, 0.000, 0.900, 0, 1.800, -1, 5.000, 0, 0, 1, 0.000, 0, 54.400, -1.500, 2.000
1.200, 1, b'A', 88.800, -4.500, 0.000, 0.000, 0.000, 0.000, 74.000, 0.000, 2.387, 1.300, 0.000, 0.800, 0, 1.500, -2, 4.500, 2, 0, 1, 0.000, 0, 88.800, -4.500, 1.800
1.300, 0, b'Ego', 58.100, -1.500, 0.000, 0.000, 0.000, 0.000, 37.000, 0.000, 5.482, 1.400, 0.000, 0.900, 0, 1.800, -1, 5.000, 0, 0, 1, 0.000, 0, 58.100, -1.500, 2.000
1.300, 1, b'A', 96.200, -4.500, 0.000, 0.000, 0.000, 0.000, 74.000, 0.000, 4.680, 1.300, 0.000, 0.800, 0, 1.500, -2, 4.500, 2, 0, 1, 0.000, 0, 96.200, -4.500, 1.800
1.400, 0, b'Ego', 61.800, -1.500, 0.000, 0.000, 0.000, 0.000, 37.000, 0.000, 3.487, 1.400, 0.000, 0.900, 0, 1.800, -1, 5.000, 0, 0, 1, 0.000, 0, 61.800, -1.500, 2.000
1.400, 1, b'A', 103.600, -4.500, 0.000, 0.000, 0.000, 0.000, 74.000, 0.000, 0.690, 1.300, 0.000, 0.800, 0, 1.500, -2, 4.500, 2, 0, 1, 0.000, 0, 103.600, -4.500, 1.800
1.500, 0, b'Ego', 65.500, -1.500, 0.000, 0.000, 0.000, 0.000, 37.000, 0.000, 1.492, 1.400, 0.000, 0.900, 0, 1.800, -1, 5.000, 0, 0, 1, 0.000, 0, 65.500, -1.500, 2.000
1.500, 1, b'A', 111.000, -4.500, 0.000, 0.000, 0.000, 0.000, 74.000, 0.000, 2.984, 1.300, 0.000, 0.800, 0, 1.500, -2, 4.500, 2, 0, 1, 0.000, 0, 111.000, -4.500, 1.800
1.600, 0, b'Ego', 69.200, -1.500, 0.000, 0.000, 0.000, 0.000, 37.000, 0.000, 5.780, 1.400, 0.000, 0.900, 0, 1.800, -1, 5.000, 0, 0, 1, 0.000, 0, 69.200, -1.500, 2.000
1.600, 1, b'A', 118.400, -4.500, 0.000, 0.000, 0.000, 0.000, 74.000, 0.000, 5.277, 1.300, 0.000, 0.800, 0, 1.500, -2, 4.500, 2, 0, 1, 0.000, 0, 118.400, -4.500, 1.800
1.700, 0, b'Ego', 72.900, -1.500, 0.000, 0.000, 0.000, 0.000, 37.000, 0.000, 3.785, 1.400, 0.000, 0.900, 0, 1.800, -1, 5.000, 0, 0, 1, 0.000, 0, 72.900, -1.500, 2.000
1.700, 1, b'A', 125.800, -4.500, 0.000, 0.000, 0.000, 0.000, 74.000, 0.000, 1.287, 1.300, 0.000, 0.800, 0, 1.500, -2, 4.500, 2, 0, 1, 0.000, 0, 125.800, -4.500, 1.800
1.800, 0, b'Ego', 76.600, -1.500, 0.000, 0.000, 0.000, 0.000, 37.000, 0.000, 1.790, 1.400, 0.000, 0.900, 0, 1.800, -1, 5.000, 0, 0, 1, 0.000, 0, 76.600, -1.500, 2.000
1.800, 1, b'A', 133.200, -4.500, 0.000, 0.000, 0.000, 0.000, 74.000, 0.000, 3.580, 1.300, 0.000, 0.800, 0, 1.500, -2, 4.500, 2, 0, 1, 0.000, 0, 133.200, -4.500, 1.800
1.900, 0, b'Ego', 80.300, -1.500, 0.000, 0.000, 0.000, 0.000, 37.000, 0.000, 6.078, 1.400, 0.000, 0.900, 0, 1.800, -1, 5.000, 0, 0, 1, 0.000, 0, 80.300, -1.500, 2.000
1.900, 1, b'A', 140.600, -4.500, 0.000, 0.000, 0.000, 0.000, 74.000, 0.000, 5.874, 1.300, 0.000, 0.800, 0, 1.500, -2, 4.500, 2, 0, 1, 0.000, 0, 140.600, -4.500, 1.800
2.000, 0, b'Ego', 84.000, -1.500, 0.000, 0.000, 0.000, 0.000, 37.000, 0.000, 4.083, 1.400, 0.000, 0.900, 0, 1.800, -1, 5.000, 0, 0, 1, 0.000, 0, 84.000, -1.500, 2.000
2.000, 1, b'A', 148.000, -4.500, 0.000, 0.000, 0.000, 0.000, 74.000, 0.000, 1.884, 1.300, 0.000, 0.800, 0, 1.500, -2, 4.500, 2, 0, 1, 0.000, 0, 148.000, -4.500, 1.800
2.100, 0, b'Ego', 87.700, -1.500, 0.000, 0.000, 0.000, 0.000, 37.000, 0.000, 2.089, 1.400, 0.000, 0.900, 0, 1.800, -1, 5.000, 0, 0, 1, 0.000, 0, 87.700, -1.500, 2.000
2.100, 1, b'A', 155.400, -4.500, 0.000, 0.000, 0.000, 0.000, 74.000, 0.000, 4.177, 1.300, 0.000, 0.800, 0, 1.500, -2, 4.500, 2, 0, 1, 0.000, 0, 155.400, -4.500, 1.800
2.200, 0, b'Ego', 91.400, -1.500, 0.000, 0.000, 0.000, 0.000, 37.000, 0.000, 0.094, 1.400, 0.000, 0.900, 0, 1.800, -1, 5.000, 0, 0, 1, 0.000, 0, 91.400, -1.500, 2.000
2.200, 1, b'A', 162.800, -4.500, 0.000, 0.000, 0.000, 0.000, 74.000, 0.000, 0.187, 1.300, 0.000, 0.800, 0, 1.500, -2, 4.500, 2, 0, 1, 0.000, 0, 162.800, -4.500, 1.800
2.300, 0, b'Ego', 95.100, -1.500, 0.000, 0.000, 0.000, 0.000, 37.000, 0.000, 4.382, 1.400, 0.000, 0.900, 0, 1.800, -1, 5.000, 0, 0, 1, 0.000, 0, 95.100, -1.500, 2.000
2.300, 1, b'A', 170.200, -4.500, 0.000, 0.000, 0.000, 0.000, 74.000, 0.000, 2.480, 1.300, 0.000, 0.800, 0, 1.500, -2, 4.500, 2, 0, 1, 0.000, 0, 170.200, -4.500, 1.800
2.400, 0, b'Ego', 98.800, -1.500, 0.000, 0.000, 0.000, 0.000, 37.000, 0.000, 2.387, 1.400, 0.000, 0.900, 0, 1.800, -1, 5.000, 0, 0, 1, 0.000, 0, 98.800, -1.500, 2.000
2.400, 1, b'A', 177.600, -4.500, 0.000, 0.000, 0.000, 0.000, 74.000, 0.000, 4.774, 1.300, 0.000, 0.800, 0, 1.500, -2, 4.500, 2, 0, 1, 0.000, 0, 177.600, -4.500, 1.800
2.500, 0, b'Ego', 102.500, -1.500, 0.000, 0.000, 0.000, 0.000, 37.000, 0.000, 0.392, 1.400, 0.000, 0.900, 0, 1.800, -1, 5.000, 0, 0, 1, 0.000, 0, 102.500, -1.500, 2.000
2.500, 1, b'A', 185.000, -4.500, 0.000, 0.000, 0.000, 0.000, 74.000, 0.000, 0.784, 1.300, 0.000, 0.800, 0, 1.500, -2, 4.500, 2, 0, 1, 0.000, 0, 185.000, -4.500, 1.800
2.600, 0, b'Ego', 106.200, -1.500, 0.000, 0.000, 0.000, 0.000, 37.000, 0.000, 4.680, 1.400, 0.000, 0.900, 0, 1.800, -1, 5.000, 0, 0, 1, 0.000, 0, 106.200, -1.500, 2.000
2.600, 1, b'A', 192.400, -4.500, 0.000, 0.000, 0.000, 0.000, 74.000, 0.000, 3.077, 1.300, 0.000, 0.800, 0, 1.500, -2, 4.500, 2, 0, 1, 0.000, 0, 192.400, -4.500, 1.800
2.700, 0, b'Ego', 109.900, -1.500, 0.000, 0.000, 0.000, 0.000, 37.000, 0.000, 2.685, 1.400, 0.000, 0.900, 0, 1.800, -1, 5.000, 0, 0, 1, 0.000, 0, 109.900, -1.500, 2.000
2.700, 1, b'A', 199.800, -4.500, 0.000, 0.000, 0.000, 0.000, 74.000, 0.000, 5.370, 1.300, 0.000, 0.800, 0, 1.500, -2, 4.500, 2, 0, 1, 0.000, 0, 199.800, -4.500, 1.800
2.800, 0, b'Ego', 113.600, -1.500, 0.000, 0.000, 0.000, 0.000, 37.000, 0.000, 0.690, 1.400, 0.000, 0.900, 0, 1.800, -1, 5.000, 0, 0, 1, 0.000, 0, 113.600, -1.500, 2.000
2.800, 1, b'A', 207.200, -4.500, 0.000, 0.000, 0.000, 0.000, 74.000, 0.000, 1.381, 1.300, 0.000, 0.800, 0, 1.500, -2, 4.500, 2, 0, 1, 0.000, 0, 207.200, -4.500, 1.800
2.900, 0, b'Ego', 117.300, -1.500, 0.000, 0.000, 0.000, 0.000, 37.000, 0.000, 4.979, 1.400, 0.000, 0.900, 0, 1.800, -1, 5.000, 0, 0, 1, 0.000, 0, 117.300, -1.500, 2.000
2.900, 1, b'A', 214.600, -4.500, 0.000, 0.000, 0.000, 0.000, 74.000, 0.000, 3.674, 1.300, 0.000, 0.800, 0, 1.500, -2, 4.500, 2, 0, 1, 0.000, 0, 214.600, -4.500, 1.800
3.000, 0, b'Ego', 121.000, -1.500, 0.000, 0.000, 0.000, 0.000, 37.000, 0.000, 2.984, 1.400, 0.000, 0.900, 0, 1.800, -1, 5.000, 0, 0, 1, 0.000, 0, 121.000, -1.500, 2.000
3.000, 1, b'A', 222.000, -4.500, 0.000, 0.000, 0.000, 0.000, 74.000, 0.000, 5.967, 1.300, 0.000, 0.800, 0, 1.500, -2, 4.500, 2, 0, 1, 0.000, 0, 222.000, -4.500, 1.800
3.100, 0, b'Ego', 124.700, -1.500, 0.000, 0.000, 0.000, 0.000, 37.000, 0.000, 0.989, 1.400, 0.000, 0.900, 0, 1.800, -1, 5.000, 0, 0, 1, 0.000, 0, 124.700, -1.500, 2.000
3.100, 1, b'A', 229.400, -4.500, 0.000, 0.000, 0.000, 0.000, 74.000, 0.000, 1.977, 1.300, 0.000, 0.800, 0, 1.500, -2, 4.500, 2, 0, 1, 0.000, 0, 229.400, -4.500, 1.800
3.200, 0, b'Ego', 128.400, -1.500, 0.000, 0.000, 0.000, 0.000, 37.000, 0.000, 5.277, 1.400, 0.000, 0.900, 0, 1.800, -1, 5.000, 0, 0, 1, 0.000, 0, 128.400, -1.500, 2.000
3.200, 1, b'A', 236.800, -4.500, 0.000, 0.000, 0.000, 0.000, 74.000, 0.000, 4.271, 1.300, 0.000, 0.800, 0, 1.500, -2, 4.500, 2, 0, 1, 0.000, 0, 236.800, -4.500, 1.800
3.300, 0, b'Ego', 132.100, -1.500, 0.000, 0.000, 0.000, 0.000, 37.000, 0.000, 3.282, 1.400, 0.000, 0.900, 0, 1.800, -1, 5.000, 0, 0, 1, 0.000, 0, 132.100, -1.500, 2.000
3.300, 1, b'A', 244.200, -4.500, 0.000, 0.000, 0.000, 0.000, 74.000, 0.000, 0.281, 1.300, 0.000, 0.800, 0, 1.500, -2, 4.500, 2, 0, 1, 0.000, 0, 244.200, -4.500, 1.800
3.400, 0, b'Ego', 135.800, -1.500, 0.000, 0.000, 0.000, 0.000, 37.000, 0.000, 1.287, 1.400, 0.000, 0.900, 0, 1.800, -1, 5.000, 0, 0, 1, 0.000, 0, 135.800, -1.500, 2.000
3.400, 1, b'A', 251.600, -4.500, 0.000, 0.000, 0.000, 0.000, 74.000, 0.000, 2.574, 1.300, 0.000, 0.800, 0, 1.500, -2, 4.500, 2, 0, 1, 0.000, 0, 251.600, -4.500, 1.800
3.500, 0, b'Ego', 139.500, -1.500, 0.000, 0.000, 0.000, 0.000, 37.000, 0.000, 5.575, 1.400, 0.000, 0.900, 0, 1.800, -1, 5.000, 0, 0, 1, 0.000, 0, 139.500, -1.500, 2.000
3.500, 1, b'A', 259.000, -4.500, 0.000, 0.000, 0.000, 0.000, 74.000, 0.000, 4.867, 1.300, 0.000, 0.800, 0, 1.500, -2, 4.500, 2, 0, 1, 0.000, 0, 259.000, -4.500, 1.800
3.600, 0, b'Ego', 143.200, -1.500, 0.000, 0.000, 0.000, 0.000, 37.000, 0.000, 3.580, 1.400, 0.000, 0.900, 0, 1.800, -1, 5.000, 0, 0, 1, 0.000, 0, 143.200, -1.500, 2.000
3.600, 1, b'A', 266.400, -4.500, 0.000, 0.000, 0.000, 0.000, 74.000, 0.000, 0.877, 1.300, 0.000, 0.800, 0, 1.500, -2, 4.500, 2, 0, 1, 0.000, 0, 266.400, -4.500, 1.800
3.700, 0, b'Ego', 146.900, -1.500, 0.000, 0.000, 0.000, 0.000, 37.000, 0.000, 1.585, 1.400, 0.000, 0.900, 0, 1.800, -1, 5.000, 0, 0, 1, 0.000, 0, 146.900, -1.500, 2.000
3.700, 1, b'A', 273.800, -4.500, 0.000, 0.000, 0.000, 0.000, 74.000, 0.000, 3.171, 1.300, 0.000, 0.800, 0, 1.500, -2, 4.500, 2, 0, 1, 0.000, 0, 273.800, -4.500, 1.800
3.800, 0, b'Ego', 150.600, -1.500, 0.000, 0.000, 0.000, 0.000, 37.000, 0.000, 5.874, 1.400, 0.000, 0.900, 0, 1.800, -1, 5.000, 0, 0, 1, 0.000, 0, 150.600, -1.500, 2.000
3.800, 1, b'A', 281.200, -4.500, 0.000, 0.000, 0.000, 0.000, 74.000, 0.000, 5.464, 1.300, 0.000, 0.800, 0, 1.500, -2, 4.500, 2, 0, 1, 0.000, 0, 281.200, -4.500, 1.800
3.900, 0, b'Ego', 154.300, -1.500, 0.000, 0.000, 0.000, 0.000, 37.000, 0.000, 3.879, 1.400, 0.000, 0.900, 0, 1.800, -1, 5.000, 0, 0, 1, 0.000, 0, 154.300, -1.500, 2.000
3.900, 1, b'A', 288.600, -4.500, 0.000, 0.000, 0.000, 0.000, 74.000, 0.000, 1.474, 1.300, 0.000, 0.800, 0, 1.500, -2, 4.500, 2, 0, 1, 0.000, 0, 288.600, -4.500, 1.800
4.000, 0, b'Ego', 158.000, -1.500, 0.000, 0.000, 0.000, 0.000, 37.000, 0.000, 1.884, 1.400, 0.000, 0.900, 0, 1.800, -1, 5.000, 0, 0, 1, 0.000, 0, 158.000, -1.500, 2.000
4.000, 1, b'A', 296.000, -4.500, 0.000, 0.000, 0.000, 0.000, 74.000, 0.000, 3.767, 1.300, 0.000, 0.800, 0, 1.500, -2, 4.500, 2, 0, 1, 0.000, 0, 296.000, -4.500, 1.800
4.100, 0, b'Ego', 161.700, -1.500, 0.000, 0.000, 0.000, 0.000, 37.000, 0.000, 6.172, 1.400, 0.000, 0.900, 0, 1.800, -1, 5.000, 0, 0, 1, 0.000, 0, 161.700, -1.500, 2.000
4.100, 1, b'A', 303.400, -4.500, 0.000, 0.000, 0.000, 0.000, 74.000, 0.000, 6.061, 1.300, 0.000, 0.800, 0, 1.500, -2, 4.500, 2, 0, 1, 0.000, 0, 303.400, -4.500, 1.800
4.200, 0, b'Ego', 165.400, -1.500, 0.000, 0.000, 0.000, 0.000, 37.000, 0.000, 4.177, 1.400, 0.000, 0.900, 0, 1.800, -1, 5.000, 0, 0, 1, 0.000, 0, 165.400, -1.500, 2.000
4.200, 1, b'A', 310.800, -4.500, 0.000, 0.000, 0.000, 0.000, 74.000, 0.000, 2.071, 1.300, 0.000, 0.800, 0, 1.500, -2, 4.500, 2, 0, 1, 0.000, 0, 310.800, -4.500, 1.800
4.300, 0, b'Ego', 169.100, -1.500, 0.000, 0.000, 0.000, 0.000, 37.000, 0.000, 2.182, 1.400, 0.000, 0.900, 0, 1.800, -1, 5.000, 0, 0, 1, 0.000, 0, 169.100, -1.500, 2.000
4.300, 1, b'A', 318.200, -4.500, 0.000, 0.000, 0.000, 0.000, 74.000, 0.000, 4.364, 1.300, 0.000, 0.800, 0, 1.500, -2, 4.500, 2, 0, 1, 0.000, 0, 318.200, -4.500, 1.800
4.400, 0, b'Ego', 172.800, -1.500, 0.000, 0.000, 0.000, 0.000, 37.000, 0.000, 0.187, 1.400, 0.000, 0.900, 0, 1.800, -1, 5.000, 0, 0, 1, 0.000, 0, 172.800, -1.500, 2.000
4.400, 1, b'A', 325.600, -4.500, 0.000, 0.000, 0.000, 0.000, 74.000, 0.000, 0.374, 1.300, 0.000, 0.800, 0, 1.500, -2, 4.500, 2, 0, 1, 0.000, 0, 325.600, -4.500, 1.800
4.500, 0, b'Ego', 176.500, -1.500, 0.000, 0.000, 0.000, 0.000, 37.000, 0.000, 4.475, 1.400, 0.000, 0.900, 0, 1.800, -1, 5.000, 0, 0, 1, 0.000, 0, 176.500, -1.500, 2.000
4.500, 1, b'A', 333.000, -4.500, 0.000, 0.000, 0.000, 0.000, 74.000, 0.000, 2.668, 1.300, 0.000, 0.800, 0, 1.500, -2, 4.500, 2, 0, 1, 0.000, 0, 333.000, -4.500, 1.800
4.600, 0, b'Ego', 180.200, -1.500, 0.000, 0.000, 0.000, 0.000, 37.000, 0.000, 2.480, 1.400, 0.000, 0.900, 0, 1.800, -1, 5.000, 0, 0, 1, 0.000, 0, 180.200, -1.500, 2.000
4.600, 1, b'A', 340.400, -4.500, 0.000, 0.000, 0.000, 0.000, 74.000, 0.000, 4.961, 1.300, 0.000, 0.800, 0, 1.500, -2, 4.500, 2, 0, 1, 0.000, 0, 340.400, -4.500, 1.800
4.700, 0, b'Ego', 183.900, -1.500, 0.000, 0.000, 0.000, 0.000, 37.000, 0.000, 0.486, 1.400, 0.000, 0.900, 0, 1.800, -1, 5.000, 0, 0, 1, 0.000, 0, 183.900, -1.500, 2.000
4.700, 1, b'A', 347.800, -4.500, 0.000, 0.000, 0.000, 0.000, 74.000, 0.000, 0.971, 1.300, 0.000, 0.800, 0, 1.500, -2, 4.500, 2, 0, 1, 0.000, 0, 347.800, -4.500, 1.800
4.800, 0, b'Ego', 187.600, -1.500, 0.000, 0.000, 0.000, 0.000, 37.000, 0.000, 4.774, 1.400, 0.000, 0.900, 0, 1.800, -1, 5.000, 0, 0, 1, 0.000, 0, 187.600, -1.500, 2.000
4.800, 1, b'A', 355.200, -4.500, 0.000, 0.000, 0.000, 0.000, 74.000, 0.000, 3.264, 1.300, 0.000, 0.800, 0, 1.500, -2, 4.500, 2, 0, 1, 0.000, 0, 355.200, -4.500, 1.800
4.900, 0, b'Ego', 191.300, -1.500, 0.000, 0.000, 0.000, 0.000, 37.000, 0.000, 2.779, 1.400, 0.000, 0.900, 0, 1.800, -1, 5.000, 0, 0, 1, 0.000, 0, 191.300, -1.500, 2.000
4.900, 1, b'A', 362.600, -4.500, 0.000, 0.000, 0.000, 0.000, 74.000, 0.000, 5.558, 1.300, 0.000, 0.800, 0, 1.500, -2, 4.500, 2, 0, 1, 0.000, 0, 362.600, -4.500, 1.800
5.000, 0, b'Ego', 195.000, -1.500, 0.000, 0.000, 0.000, 0.000, 37.000, 0.000, 0.784, 1.400, 0.000, 0.900, 0, 1.800, -1, 5.000, 0, 0, 1, 0.000, 0, 195.000, -1.500, 2.000
5.000, 1, b'A', 370.000, -4.500, 0.000, 0.000, 0.000, 0.000, 74.000, 0.000, 1.568, 1.300, 0.000, 0.800, 0, 1.500, -2, 4.500, 2, 0, 1, 0.000, 0, 370.000, -4.500, 1.800
5.100, 0, b'Ego', 198.700, -1.500, 0.000, 0.000, 0.000, 0.000, 37.000, 0.000, 5.072, 1.400, 0.000, 0.900, 0, 1.800, -1, 5.000, 0, 0, 1, 0.000, 0, 198.700, -1.500, 2.000
5.100, 1, b'A', 377.400, -4.500, 0.000, 0.000, 0.000, 0.000, 74.000, 0.000, 3.861, 1.300, 0.000, 0.800, 0, 1.500, -2, 4.500, 2, 0, 1, 0.000, 0, 377.400, -4.500, 1.800
5.200, 0, b'Ego', 202.400, -1.500, 0.000, 0.000, 0.000, 0.000, 37.000, 0.000, 3.077, 1.400, 0.000, 0.900, 0, 1.800, -1, 5.000, 0, 0, 1, 0.000, 0, 202.400, -1.500, 2.000
5.200, 1, b'A', 384.800, -4.500, 0.000, 0.000, 0.000, 0.000, 74.000, 0.000, 6.154, 1.300, 0.000, 0.800, 0, 1.500, -2, 4.500, 2, 0, 1, 0.000, 0, 384.800, -4.500, 1.800
5.300, 0, b'Ego', 206.100, -1.500, 0.000, 0.000, 0.000, 0.000, 37.000, 0.000, 1.082, 1.400, 0.000, 0.900, 0, 1.800, -1, 5.000, 0, 0, 1, 0.000, 0, 206.100, -1.500, 2.000
5.300, 1, b'A', 392.200, -4.500, 0.000, 0.000, 0.000, 0.000, 74.000, 0.000, 2.164, 1.300, 0.000, 0.800, 0, 1.500, -2, 4.500, 2, 0, 1, 0.000, 0, 392.200, -4.500, 1.800
5.400, 0, b'Ego', 209.800, -1.500, 0.000, 0.000, 0.000, 0.000, 37.000, 0.000, 5.370, 1.400, 0.000, 0.900, 0, 1.800, -1, 5.000, 0, 0, 1, 0.000, 0, 209.800, -1.500, 2.000
5.400, 1, b'A', 399.600, -4.500, 0.000, 0.000, 0.000, 0.000, 74.000, 0.000, 4.458, 1.300, 0.000, 0.800, 0, 1.500, -2, 4.500, 2, 0, 1, 0.000, 0, 399.600, -4.500, 1.800
5.500, 0, b'Ego', 213.500, -1.500, 0.000, 0.000, 0.000, 0.000, 37.000, 0.000, 3.376, 1.400, 0.000, 0.900, 0, 1.800, -1, 5.000, 0, 0, 1, 0.000, 0, 213.500, -1.500, 2.000
5.500, 1, b'A', 407.000, -4.500, 0.000, 0.000, 0.000, 0.000, 74.000, 0.000, 0.468, 1.300, 0.000, 0.800, 0, 1.500, -2, 4.500, 2, 0, 1, 0.000, 0, 407.000, -4.500, 1.800
5.600, 0, b'Ego', 217.200, -1.500, 0.000, 0.000, 0.000, 0.000, 37.000, 0.000, 1.381, 1.400, 0.000, 0.900, 0, 1.800, -1, 5.000, 0, 0, 1, 0.000, 0, 217.200, -1.500, 2.000
5.600, 1, b'A', 414.400, -4.500, 0.000, 0.000, 0.000, 0.000, 74.000, 0.000, 2.761, 1.300, 0.000, 0.800, 0, 1.500, -2, 4.500, 2, 0, 1, 0.000, 0, 414.400, -4.500, 1.800
5.700, 0, b'Ego', 220.900, -1.500, 0.000, 0.000, 0.000, 0.000, 37.000, 0.000, 5.669, 1.400, 0.000, 0.900, 0, 1.800, -1, 5.000, 0, 0, 1, 0.000, 0, 220.900, -1.500, 2.000
5.700, 1, b'A', 421.800, -4.500, 0.000, 0.000, 0.000, 0.000, 74.000, 0.000, 5.054, 1.300, 0.000, 0.800, 0, 1.500, -2, 4.500, 2, 0, 1, 0.000, 0, 421.800, -4.500, 1.800
5.800, 0, b'Ego', 224.600, -1.500, 0.000, 0.000, 0.000, 0.000, 37.000, 0.000, 3.674, 1.400, 0.000, 0.900, 0, 1.800, -1, 5.000, 0, 0, 1, 0.000, 0, 224.600, -1.500, 2.000
5.800, 1, b'A', 429.200, -4.500, 0.000, 0.000, 0.000, 0.000, 74.000, 0.000, 1.065, 1.300, 0.000, 0.800, 0, 1.500, -2, 4.500, 2, 0, 1, 0.000, 0, 429.200, -4.500, 1.800
5.900, 0, b'Ego', 228.300, -1.500, 0.000, 0.000, 0.000, 0.000, 37.000, 0.000, 1.679, 1.400, 0.000, 0.900, 0, 1.800, -1, 5.000, 0, 0, 1, 0.000, 0, 228.300, -1.500, 2.000
5.900, 1, b'A', 436.600, -4.500, 0.000, 0.000, 0.000, 0.000, 74.000, 0.000, 3.358, 1.300, 0.000, 0.800, 0, 1.500, -2, 4.500, 2, 0, 1, 0.000, 0, 436.600, -4.500, 1.800
6.000, 0, b'Ego', 232.000, -1.500, 0.000, 0.000, 0.000, 0.000, 37.000, 0.000, 5.967, 1.400, 0.000, 0.900, 0, 1.800, -1, 5.000, 0, 0, 1, 0.000, 0, 232.000, -1.500, 2.000
6.000, 1, b'A', 444.000, -4.500, 0.000, 0.000, 0.000, 0.000, 74.000, 0.000, 5.651, 1.300, 0.000, 0.800, 0, 1.500, -2, 4.500, 2, 0, 1, 0.000, 0, 444.000, -4.500, 1.800
6.100, 0, b'Ego', 235.700, -1.500, 0.000, 0.000, 0.000, 0.000, 37.000, 0.000, 3.972, 1.400, 0.000, 0.900, 0, 1.800, -1, 5.000, 0, 0, 1, 0.000, 0, 235.700, -1.500, 2.000
6.100, 1, b'A', 451.400, -4.500, 0.000, 0.000, 0.000, 0.000, 74.000, 0.000, 1.661, 1.300, 0.000, 0.800, 0, 1.500, -2, 4.500, 2, 0, 1, 0.000, 0, 451.400, -4.500, 1.800
6.200, 0, b'Ego', 239.400, -1.500, 0.000, 0.000, 0.000, 0.000, 37.000, 0.000, 1.977, 1.400, 0.000, 0.900, 0, 1.800, -1, 5.000, 0, 0, 1, 0.000, 0, 239.400, -1.500, 2.000
6.200, 1, b'A', 458.800, -4.500, 0.000, 0.000, 0.000, 0.000, 74.000, 0.000, 3.955, 1.300, 0.000, 0.800, 0, 1.500, -2, 4.500, 2, 0, 1, 0.000, 0, 458.800, -4.500, 1.800
6.300, 0, b'Ego', 243.100, -1.500, 0.000, 0.000, 0.000, 0.000, 37.000, 0.000, 6.266, 1.400, 0.000, 0.900, 0, 1.800, -1, 5.000, 0, 0, 1, 0.000, 0, 243.100, -1.500, 2.000
6.300, 1, b'A', 466.200, -4.500, 0.000, 0.000, 0.000, 0.000, 74.000, 0.000, 6.248, 1.300, 0.000, 0.800, 0, 1.500, -2, 4.500, 2, 0, 1, 0.000, 0, 466.200, -4.500, 1.800
6.400, 0, b'Ego', 246.800, -1.500, 0.000, 0.000, 0.000, 0.000, 37.000, 0.000, 4.271, 1.400, 0.000, 0.900, 0, 1.800, -1, 5.000, 0, 0, 1, 0.000, 0, 246.800, -1.500, 2.000
6.400, 1, b'A', 473.600, -4.500, 0.000, 0.000, 0.000, 0.000, 74.000, 0.000, 2.258, 1.300, 0.000, 0.800, 0, 1.500, -2, 4.500, 2, 0, 1, 0.000, 0, 473.600, -4.500, 1.800
6.500, 0, b'Ego', 250.500, -1.500, 0.000, 0.000, 0.000, 0.000, 37.000, 0.000, 2.276, 1.400, 0.000, 0.900, 0, 1.800, -1, 5.000, 0, 0, 1, 0.000, 0, 250.500, -1.500, 2.000
6.500, 1, b'A', 481.000, -4.500, 0.000, 0.000, 0.000, 0.000, 74.000, 0.000, 4.551, 1.300, 0.000, 0.800, 0, 1.500, -2, 4.500, 2, 0, 1, 0.000, 0, 481.000, -4.500, 1.800
6.600, 0, b'Ego', 254.200, -1.500, 0.000, 0.000, 0.000, 0.000, 37.000, 0.000, 0.281, 1.400, 0.000, 0.900, 0, 1.800, -1, 5.000, 0, 0, 1, 0.000, 0, 254.200, -1.500, 2.000
6.600, 1, b'A', 488.400, -4.500, 0.000, 0.000, 0.000, 0.000, 74.000, 0.000, 0.561, 1.300, 0.000, 0.800, 0, 1.500, -2, 4.500, 2, 0, 1, 0.000, 0, 488.400, -4.500, 1.800
6.700, 0, b'Ego', 257.900, -1.500, 0.000, 0.000, 0.000, 0.000, 37.000, 0.000, 4.569, 1.400, 0.000, 0.900, 0, 1.800, -1, 5.000, 0, 0, 1, 0.000, 0, 257.900, -1.500, 2.000
6.700, 1, b'A', 495.800, -4.500, 0.000, 0.000, 0.000, 0.000, 74.000, 0.000, 2.855, 1.300, 0.000, 0.800, 0, 1.500, -2, 4.500, 2, 0, 1, 0.000, 0, 495.800, -4.500, 1.800
6.800, 0, b'Ego', 261.600, -1.500, 0.000, 0.000, 0.000, 0.000, 37.000, 0.000, 2.574, 1.400, 0.000, 0.900, 0, 1.800, -1, 5.000, 0, 0, 1, 0.000, 0, 261.600, -1.500, 2.000
6.800, 1, b'A', 503.200, -4.500, 0.000, 0.000, 0.000, 0.000, 74.000, 0.000, 5.148, 1.300, 0.000, 0.800, 0, 1.500, -2, 4.500, 2, 0, 1, 0.000, 0, 503.200, -4.500, 1.800
6.900, 0, b'Ego', 265.300, -1.500, 0.000, 0.000, 0.000, 0.000, 37.000, 0.000, 0.579, 1.400, 0.000, 0.900, 0, 1.800, -1, 5.000, 0, 0, 1, 0.000, 0, 265.300, -1.500, 2.000
6.900, 1, b'A', 510.600, -4.500, 0.000, 0.000, 0.000, 0.000, 74.000, 0.000, 1.158, 1.300, 0.000, 0.800, 0, 1.500, -2, 4.500, 2, 0, 1, 0.000, 0, 510.600, -4.500, 1.800
7.000, 0, b'Ego', 269.000, -1.500, 0.000, 0.000, 0.000, 0.000, 37.000, 0.000, 4.867, 1.400, 0.000, 0.900, 0, 1.800, -1, 5.000, 0, 0, 1, 0.000, 0, 269.000, -1.500, 2.000
7.000, 1, b'A', 518.000, -4.500, 0.000, 0.000, 0.000, 0.000, 74.000, 0.000, 3.451, 1.300, 0.000, 0.800, 0, 1.500, -2, 4.500, 2, 0, 1, 0.000, 0, 518.000, -4.500, 1.800
7.100, 0, b'Ego', 272.700, -1.500, 0.000, 0.000, 0.000, 0.000, 37.000, 0.000, 2.872, 1.400, 0.000, 0.900, 0, 1.800, -1, 5.000, 0, 0, 1, 0.000, 0, 272.700, -1.500, 2.000
7.100, 1, b'A', 525.400, -4.500, 0.000, 0.000, 0.000, 0.000, 74.000, 0.000, 5.745, 1.300, 0.000, 0.800, 0, 1.500, -2, 4.500, 2, 0, 1, 0.000, 0, 525.400, -4.500, 1.800
7.200, 0, b'Ego', 276.400, -1.500, 0.000, 0.000, 0.000, 0.000, 37.000, 0.000, 0.877, 1.400, 0.000, 0.900, 0, 1.800, -1, 5.000, 0, 0, 1, 0.000, 0, 276.400, -1.500, 2.000
7.200, 1, b'A', 532.800, -4.500, 0.000, 0.000, 0.000, 0.000, 74.000, 0.000, 1.755, 1.300, 0.000, 0.800, 0, 1.500, -2, 4.500, 2, 0, 1, 0.000, 0, 532.800, -4.500, 1.800
7.300, 0, b'Ego', 280.100, -1.500, 0.000, 0.000, 0.000, 0.000, 37.000, 0.000, 5.166, 1.400, 0.000, 0.900, 0, 1.800, -1, 5.000, 0, 0, 1, 0.000, 0, 280.100, -1.500, 2.000
7.300, 1, b'A', 540.200, -4.500, 0.000, 0.000, 0.000, 0.000, 74.000, 0.000, 4.048, 1.300, 0.000, 0.800, 0, 1.500, -2, 4.500, 2, 0, 1, 0.000, 0, 540.200, -4.500, 1.800
7.400, 0, b'Ego', 283.800, -1.500, 0.000, 0.000, 0.000, 0.000, 37.000, 0.000, 3.171, 1.400, 0.000, 0.900, 0, 1.800, -1, 5.000, 0, 0, 1, 0.000, 0, 283.800, -1.500, 2.000
7.400, 1, b'A', 547.600, -4.500, 0.000, 0.000, 0.000, 0.000, 74.000, 0.000, 0.058, 1.300, 0.000, 0.800, 0, 1.500, -2, 4.500, 2, 0, 1, 0.000, 0, 547.600, -4.500, 1.800
7.500, 0, b'Ego', 287.500, -1.500, 0.000, 0.000, 0.000, 0.000, 37.000, 0.000, 1.176, 1.400, 0.000, 0.900, 0, 1.800, -1, 5.000, 0, 0, 1, 0.000, 0, 287.500, -1.500, 2.000
7.500, 1, b'A', 555.000, -4.500, 0.000, 0.000, 0.000, 0.000, 74.000, 0.000, 2.352, 1.300, 0.000, 0.800, 0, 1.500, -2, 4.500, 2, 0, 1, 0.000, 0, 555.000, -4.500, 1.800
7.600, 0, b'Ego', 291.200, -1.500, 0.000, 0.000, 0.000, 0.000, 37.000, 0.000, 5.464, 1.400, 0.000, 0.900, 0, 1.800, -1, 5.000, 0, 0, 1, 0.000, 0, 291.200, -1.500, 2.000
7.600, 1, b'A', 562.400, -4.500, 0.000, 0.000, 0.000, 0.000, 74.000, 0.000, 4.645, 1.300, 0.000, 0.800, 0, 1.500, -2, 4.500, 2, 0, 1, 0.000, 0, 562.400, -4.500, 1.800
7.700, 0, b'Ego', 294.900, -1.500, 0.000, 0.000, 0.000, 0.000, 37.000, 0.000, 3.469, 1.400, 0.000, 0.900, 0, 1.800, -1, 5.000, 0, 0, 1, 0.000, 0, 294.900, -1.500, 2.000
7.700, 1, b'A', 569.800, -4.500, 0.000, 0.000, 0.000, 0.000, 74.000, 0.000, 0.655, 1.300, 0.000, 0.800, 0, 1.500, -2, 4.500, 2, 0, 1, 0.000, 0, 569.800, -4.500, 1.800
7.800, 0, b'Ego', 298.600, -1.500, 0.000, 0.000, 0.000, 0.000, 37.000, 0.000, 1.474, 1.400, 0.000, 0.900, 0, 1.800, -1, 5.000, 0, 0, 1, 0.000, 0, 298.600, -1.500, 2.000
7.800, 1, b'A', 577.200, -4.500, 0.000, 0.000, 0.000, 0.000, 74.000, 0.000, 2.948, 1.300, 0.000, 0.800, 0, 1.500, -2, 4.500, 2, 0, 1, 0.000, 0, 577.200, -4.500, 1.800
7.900, 0, b'Ego', 302.300, -1.500, 0.000, 0.000, 0.000, 0.000, 37.000, 0.000, 5.762, 1.400, 0.000, 0.900, 0, 1.800, -1, 5.000, 0, 0, 1, 0.000, 0, 302.300, -1.500, 2.000
7.900, 1, b'A', 584.600, -4.500, 0.000, 0.000, 0.000, 0.000, 74.000, 0.000, 5.242, 1.300, 0.000, 0.800, 0, 1.500, -2, 4.500, 2, 0, 1, 0.000, 0, 584.600, -4.500, 1.800
8.000, 0, b'Ego', 306.000, -1.500, 0.000, 0.000, 0.000, 0.000, 37.000, 0.000, 3.767, 1.400, 0.000, 0.900, 0, 1.800, -1, 5.000, 0, 0, 1, 0.000, 0, 306.000, -1.500, 2.000
8.000, 1, b'A', 592.000, -4.500, 0.000, 0.000, 0.000, 0.000, 74.000, 0.000, 1.252, 1.300, 0.000, 0.800, 0, 1.500, -2, 4.500, 2, 0, 1, 0.000, 0, 592.000, -4.500, 1.800
8.100, 0, b'Ego', 309.700, -1.500, 0.000, 0.000, 0.000, 0.000, 37.000, 0.000, 1.773, 1.400, 0.000, 0.900, 0, 1.800, -1, 5.000, 0, 0, 1, 0.000, 0, 309.700, -1.500, 2.000
8.100, 1, b'A', 599.400, -4.500, 0.000, 0.000, 0.000, 0.000, 74.000, 0.000, 3.545, 1.300, 0.000, 0.800, 0, 1.500, -2, 4.500, 2, 0, 1, 0.000, 0, 599.400, -4.500, 1.800
8.200, 0, b'Ego', 313.400, -1.500, 0.000, 0.000, 0.000, 0.000, 37.000, 0.000, 6.061, 1.400, 0.000, 0.900, 0, 1.800, -1, 5.000, 0, 0, 1, 0.000, 0, 313.400, -1.500, 2.000
8.200, 1, b'A', 606.800, -4.500, 0.000, 0.000, 0.000, 0.000, 74.000, 0.000, 5.838, 1.300, 0.000, 0.800, 0, 1.500, -2, 4.500, 2, 0, 1, 0.000, 0, 606.800, -4.500, 1.800
8.300, 0, b'Ego', 317.100, -1.500, 0.000, 0.000, 0.000, 0.000, 37.000, 0.000, 4.066, 1.400, 0.000, 0.900, 0, 1.800, -1, 5.000, 0, 0, 1, 0.000, 0, 317.100, -1.500, 2.000
8.300, 1, b'A', 614.200, -4.500, 0.000, 0.000, 0.000, 0.000, 74.000, 0.000, 1.848, 1.300, 0.000, 0.800, 0, 1.500, -2, 4.500, 2, 0, 1, 0.000, 0, 614.200, -4.500, 1.800
8.400, 0, b'Ego', 320.800, -1.500, 0.000, 0.000, 0.000, 0.000, 37.000, 0.000, 2.071, 1.400, 0.000, 0.900, 0, 1.800, -1, 5.000, 0, 0, 1, 0.000, 0, 320.800, -1.500, 2.000
8.400, 1, b'A', 621.600, -4.500, 0.000, 0.000, 0.000, 0.000, 74.000, 0.000, 4.142, 1.300, 0.000, 0.800, 0, 1.500, -2, 4.500, 2, 0, 1, 0.000, 0, 621.600, -4.500, 1.800
8.500, 0, b'Ego', 324.500, -1.500, 0.000, 0.000, 0.000, 0.000, 37.000, 0.000, 0.076, 1.400, 0.000, 0.900, 0, 1.800, -1, 5.000, 0, 0, 1, 0.000, 0, 324.500, -1.500, 2.000
8.500, 1, b'A', 629.000, -4.500, 0.000, 0.000, 0.000, 0.000, 74.000, 0.000, 0.152, 1.300, 0.000, 0.800, 0, 1.500, -2, 4.500, 2, 0, 1, 0.000, 0, 629.000, -4.500, 1.800
8.600, 0, b'Ego', 328.200, -1.500, 0.000, 0.000, 0.000, 0.000, 37.000, 0.000, 4.364, 1.400, 0.000, 0.900, 0, 1.800, -1, 5.000, 0, 0, 1, 0.000, 0, 328.200, -1.500, 2.000
8.600, 1, b'A', 636.400, -4.500, 0.000, 0.000, 0.000, 0.000, 74.000, 0.000, 2.445, 1.300, 0.000, 0.800, 0, 1.500, -2, 4.500, 2, 0, 1, 0.000, 0, 636.400, -4.500, 1.800
8.700, 0, b'Ego', 331.900, -1.500, 0.000, 0.000, 0.000, 0.000, 37.000, 0.000, 2.369, 1.400, 0.000, 0.900, 0, 1.800, -1, 5.000, 0, 0, 1, 0.000, 0, 331.900, -1.500, 2.000
8.700, 1, b'A', 643.800, -4.500, 0.000, 0.000, 0.000, 0.000, 74.000, 0.000, 4.738, 1.300, 0.000, 0.800, 0, 1.500, -2, 4.500, 2, 0, 1, 0.000, 0, 643.800, -4.500, 1.800
8.800, 0, b'Ego', 335.600, -1.500, 0.000, 0.000, 0.000, 0.000, 37.000, 0.000, 0.374, 1.400, 0.000, 0.900, 0, 1.800, -1, 5.000, 0, 0, 1, 0.000, 0, 335.600, -1.500, 2.000
8.800, 1, b'A', 651.200, -4.500, 0.000, 0.000, 0.000, 0.000, 74.000, 0.000, 0.749, 1.300, 0.000, 0.800, 0, 1.500, -2, 4.500, 2, 0, 1, 0.000, 0, 651.200, -4.500, 1.800
8.900, 0, b'Ego', 339.300, -1.500, 0.000, 0.000, 0.000, 0.000, 37.000, 0.000, 4.663, 1.400, 0.000, 0.900, 0, 1.800, -1, 5.000, 0, 0, 1, 0.000, 0, 339.300, -1.500, 2.000
8.900, 1, b'A', 658.600, -4.500, 0.000, 0.000, 0.000, 0.000, 74.000, 0.000, 3.042, 1.300, 0.000, 0.800, 0, 1.500, -2, 4.500, 2, 0, 1, 0.000, 0, 658.600, -4.500, 1.800
9.000, 0, b'Ego', 343.000, -1.500, 0.000, 0.000, 0.000, 0.000, 37.000, 0.000, 2.668, 1.400, 0.000, 0.900, 0, 1.800, -1, 5.000, 0, 0, 1, 0.000, 0, 343.000, -1.500, 2.000
9.000, 1, b'A', 666.000, -4.500, 0.000, 0.000, 0.000, 0.000, 74.000, 0.000, 5.335, 1.300, 0.000, 0.800, 0, 1.500, -2, 4.500, 2, 0, 1, 0.000, 0, 666.000, -4.500, 1.800
9.100, 0, b'Ego', 346.700, -1.500, 0.000, 0.000, 0.000, 0.000, 37.000, 0.000, 0.673, 1.400, 0.000, 0.900, 0, 1.800, -1, 5.000, 0, 0, 1, 0.000, 0, 346.700, -1.500, 2.000
9.100, 1, b'A', 673.400, -4.500, 0.000, 0.000, 0.000, 0.000, 74.000, 0.000, 1.345, 1.300, 0.000, 0.800, 0, 1.500, -2, 4.500, 2, 0, 1, 0.000, 0, 673.400, -4.500, 1.800
9.200, 0, b'Ego', 350.400, -1.500, 0.000, 0.000, 0.000, 0.000, 37.000, 0.000, 4.961, 1.400, 0.000, 0.900, 0, 1.800, -1, 5.000, 0, 0, 1, 0.000, 0, 350.400, -1.500, 2.000
9.200, 1, b'A', 680.800, -4.500, 0.000, 0.000, 0.000, 0.000, 74.000, 0.000, 3.639, 1.300, 0.000, 0.800, 0, 1.500, -2, 4.500, 2, 0, 1, 0.000, 0, 680.800, -4.500, 1.800
9.300, 0, b'Ego', 354.100, -1.500, 0.000, 0.000, 0.000, 0.000, 37.000, 0.000, 2.966, 1.400, 0.000, 0.900, 0, 1.800, -1, 5.000, 0, 0, 1, 0.000, 0, 354.100, -1.500, 2.000
9.300, 1, b'A', 688.200, -4.500, 0.000, 0.000, 0.000, 0.000, 74.000, 0.000, 5.932, 1.300, 0.000, 0.800, 0, 1.500, -2, 4.500, 2, 0, 1, 0.000, 0, 688.200, -4.500, 1.800
9.400, 0, b'Ego', 357.800, -1.500, 0.000, 0.000, 0.000, 0.000, 37.000, 0.000, 0.971, 1.400, 0.000, 0.900, 0, 1.800, -1, 5.000, 0, 0, 1, 0.000, 0, 357.800, -1.500, 2.000
9.400, 1, b'A', 695.600, -4.500, 0.000, 0.000, 0.000, 0.000, 74.000, 0.000, 1.942, 1.300, 0.000, 0.800, 0, 1.500, -2, 4.500, 2, 0, 1, 0.000, 0, 695.600, -4.500, 1.800
9.500, 0, b'Ego', 361.500, -1.500, 0.000, 0.000, 0.000, 0.000, 37.000, 0.000, 5.259, 1.400, 0.000, 0.900, 0, 1.800, -1, 5.000, 0, 0, 1, 0.000, 0, 361.500, -1.500, 2.000
9.500, 1, b'A', 703.000, -4.500, 0.000, 0.000, 0.000, 0.000, 74.000, 0.000, 4.235, 1.300, 0.000, 0.800, 0, 1.500, -2, 4.500, 2, 0, 1, 0.000, 0, 703.000, -4.500, 1.800
9.600, 0, b'Ego', 365.200, -1.500, 0.000, 0.000, 0.000, 0.000, 37.000, 0.000, 3.264, 1.400, 0.000, 0.900, 0, 1.800, -1, 5.000, 0, 0, 1, 0.000, 0, 365.200, -1.500, 2.000
9.600, 1, b'A', 710.400, -4.500, 0.000, 0.000, 0.000, 0.000, 74.000, 0.000, 0.245, 1.300, 0.000, 0.800, 0, 1.500, -2, 4.500, 2, 0, 1, 0.000, 0, 710.400, -4.500, 1.800
9.700, 0, b'Ego', 368.900, -1.500, 0.000, 0.000, 0.000, 0.000, 37.000, 0.000, 1.269, 1.400, 0.000, 0.900, 0, 1.800, -1, 5.000, 0, 0, 1, 0.000, 0, 368.900, -1.500, 2.000
9.700, 1, b'A', 717.800, -4.500, 0.000, 0.000, 0.000, 0.000, 74.000, 0.000, 2.539, 1.300, 0.000, 0.800, 0, 1.500, -2, 4.500, 2, 0, 1, 0.000, 0, 717.800, -4.500, 1.800
9.800, 0, b'Ego', 372.600, -1.500, 0.000, 0.000, 0.000, 0.000, 37.000, 0.000, 5.558, 1.400, 0.000, 0.900, 0, 1.800, -1, 5.000, 0, 0, 1, 0.000, 0, 372.600, -1.500, 2.000
9.800, 1, b'A', 725.200, -4.500, 0.000, 0.000, 0.000, 0.000, 74.000, 0.000, 4.832, 1.300, 0.000, 0.800, 0, 1.500, -2, 4.500, 2, 0, 1, 0.000, 0, 725.200, -4.500, 1.800
9.900, 0, b'Ego', 376.300, -1.500, 0.000, 0.000, 0.000, 0.000, 37.000, 0.000, 3.563, 1.400, 0.000, 0.900, 0, 1.800, -1, 5.000, 0, 0, 1, 0.000, 0, 376.300, -1.500, 2.000
9.900, 1, b'A', 732.600, -4.500, 0.000, 0.000, 0.000, 0.000, 74.000, 0.000, 0.842, 1.300, 0.000, 0.800, 0, 1.500, -2, 4.500, 2, 0, 1, 0.000, 0, 732.600, -4.500, 1.800
