Version: 1 OpenDRIVE: ..\xodr\_cut_in0.xodr, 3DModel: 
time, id, name, x, y, z, h, p, r, speed, wheel_angle, wheel_rot, centerOffsetX, centerOffsetY, centerOffsetZ, ctrl_type, height, laneId, length, model_id, obj_category, obj_type, offset, roadId, s, t, width
0.000, 0, Ego, 5.000, -4.500, 0.000, 0.000, 0.000, 0.000, 20.000, 0.000, 0.000, 1.400, 0.000, 0.900, 0, 1.800, -2, 5.000, 0, 0, 1, 0.000, 0, 5.000, -4.500, 2.000
0.000, 1, A, -0.000, -1.500, 0.000, 0.000, 0.000, 0.000, 28.000, 0.000, 0.000, 1.300, 0.000, 0.800, 0, 1.500, -1, 4.500, 2, 0, 1, 0.000, 0, 0.000, -1.500, 1.800
0.100, 0, Ego, 7.000, -4.500, 0.000, 0.000, 0.000, 0.000, 20.000, 0.000, 5.714, 1.400, 0.000, 0.900, 0, 1.800, -2, 5.000, 0, 0, 1, 0.000, 0, 7.000, -4.500, 2.000
0.100, 1, A, 2.800, -1.500, 0.000, 0.000, 0.000, 0.000, 28.000, 0.000, 1.717, 1.300, 0.000, 0.800, 0, 1.500, -1, 4.500, 2, 0, 1, 0.000, 0, 2.800, -1.500, 1.800
0.200, 0, Ego, 9.000, -4.500, 0.000, 0.000, 0.000, 0.000, 20.000, 0.000, 5.145, 1.400, 0.000, 0.900, 0, 1.800, -2, 5.000, 0, 0, 1, 0.000, 0, 9.000, -4.500, 2.000
0.200, 1, A, 5.600, -1.500, 0.000, 0.000, 0.000, 0.000, 28.000, 0.000, 3.434, 1.300, 0.000, 0.800, 0, 1.500, -1, 4.500, 2, 0, 1, 0.000, 0, 5.600, -1.500, 1.800
0.300, 0, Ego, 11.000, -4.500, 0.000, 0.000, 0.000, 0.000, 20.000, 0.000, 4.576, 1.400, 0.000, 0.900, 0, 1.800, -2, 5.000, 0, 0, 1, 0.000, 0, 11.000, -4.500, 2.000
0.300, 1, A, 8.400, -1.500, 0.000, 0.000, 0.000, 0.000, 28.000, 0.000, 5.150, 1.300, 0.000, 0.800, 0, 1.500, -1, 4.500, 2, 0, 1, 0.000, 0, 8.400, -1.500, 1.800
0.400, 0, Ego, 13.000, -4.500, 0.000, 0.000, 0.000, 0.000, 20.000, 0.000, 4.008, 1.400, 0.000, 0.900, 0, 1.800, -2, 5.000, 0, 0, 1, 0.000, 0, 13.000, -4.500, 2.000
0.400, 1, A, 11.200, -1.500, 0.000, 0.000, 0.000, 0.000, 28.000, 0.000, 0.584, 1.300, 0.000, 0.800, 0, 1.500, -1, 4.500, 2, 0, 1, 0.000, 0, 11.200, -1.500, 1.800
0.500, 0, Ego, 15.000, -4.500, 0.000, 0.000, 0.000, 0.000, 20.000, 0.000, 3.439, 1.400, 0.000, 0.900, 0, 1.800, -2, 5.000, 0, 0, 1, 0.000, 0, 15.000, -4.500, 2.000
0.500, 1, A, 14.000, -1.500, 0.000, 0.000, 0.000, 0.000, 28.000, 0.000, 2.301, 1.300, 0.000, 0.800, 0, 1.500, -1, 4.500, 2, 0, 1, 0.000, 0, 14.000, -1.500, 1.800
0.600, 0, Ego, 17.000, -4.500, 0.000, 0.000, 0.000, 0.000, 20.000, 0.000, 2.870, 1.400, 0.000, 0.900, 0, 1.800, -2, 5.000, 0, 0, 1, 0.000, 0, 17.000, -4.500, 2.000
0.600, 1, A, 16.800, -1.500, 0.000, 0.000, 0.000, 0.000, 28.000, 0.000, 4.018, 1.300, 0.000, 0.800, 0, 1.500, -1, 4.500, 2, 0, 1, 0.000, 0, 16.800, -1.500, 1.800
0.700, 0, Ego, 19.000, -4.500, 0.000, 0.000, 0.000, 0.000, 20.000, 0.000, 2.301, 1.400, 0.000, 0.900, 0, 1.800, -2, 5.000, 0, 0, 1, 0.000, 0, 19.000, -4.500, 2.000
0.700, 1, A, 19.600, -1.500, 0.000, 0.000, 0.000, 0.000, 28.000, 0.000, 5.735, 1.300, 0.000, 0.800, 0, 1.500, -1, 4.500, 2, 0, 1, 0.000, 0, 19.600, -1.500, 1.800
0.800, 0, Ego, 21.000, -4.500, 0.000, 0.000, 0.000, 0.000, 20.000, 0.000, 1.732, 1.400, 0.000, 0.900, 0, 1.800, -2, 5.000, 0, 0, 1, 0.000, 0, 21.000, -4.500, 2.000
0.800, 1, A, 22.400, -1.500, 0.000, 0.000, 0.000, 0.000, 28.000, 0.000, 1.168, 1.300, 0.000, 0.800, 0, 1.500, -1, 4.500, 2, 0, 1, 0.000, 0, 22.400, -1.500, 1.800
0.900, 0, Ego, 23.000, -4.500, 0.000, 0.000, 0.000, 0.000, 20.000, 0.000, 1.163, 1.400, 0.000, 0.900, 0, 1.800, -2, 5.000, 0, 0, 1, 0.000, 0, 23.000, -4.500, 2.000
0.900, 1, A, 25.200, -1.500, 0.000, 0.000, 0.000, 0.000, 28.000, 0.000, 2.885, 1.300, 0.000, 0.800, 0, 1.500, -1, 4.500, 2, 0, 1, 0.000, 0, 25.200, -1.500, 1.800
1.000, 0, Ego, 25.000, -4.500, 0.000, 0.000, 0.000, 0.000, 20.000, 0.000, 0.594, 1.400, 0.000, 0.900, 0, 1.800, -2, 5.000, 0, 0, 1, 0.000, 0, 25.000, -4.500, 2.000
1.000, 1, A, 28.000, -1.500, 0.000, 0.000, 0.000, 0.000, 28.000, 0.000, 4.602, 1.300, 0.000, 0.800, 0, 1.500, -1, 4.500, 2, 0, 1, 0.000, 0, 28.000, -1.500, 1.800
1.100, 0, Ego, 27.000, -4.500, 0.000, 0.000, 0.000, 0.000, 20.000, 0.000, 0.025, 1.400, 0.000, 0.900, 0, 1.800, -2, 5.000, 0, 0, 1, 0.000, 0, 27.000, -4.500, 2.000
1.100, 1, A, 30.800, -1.500, 0.000, 0.000, 0.000, 0.000, 28.000, 0.000, 0.035, 1.300, 0.000, 0.800, 0, 1.500, -1, 4.500, 2, 0, 1, 0.000, 0, 30.800, -1.500, 1.800
1.200, 0, Ego, 29.000, -4.500, 0.000, 0.000, 0.000, 0.000, 20.000, 0.000, 5.740, 1.400, 0.000, 0.900, 0, 1.800, -2, 5.000, 0, 0, 1, 0.000, 0, 29.000, -4.500, 2.000
1.200, 1, A, 33.600, -1.500, 0.000, 0.000, 0.000, 0.000, 28.000, 0.000, 1.752, 1.300, 0.000, 0.800, 0, 1.500, -1, 4.500, 2, 0, 1, 0.000, 0, 33.600, -1.500, 1.800
1.300, 0, Ego, 31.000, -4.500, 0.000, 0.000, 0.000, 0.000, 20.000, 0.000, 5.171, 1.400, 0.000, 0.900, 0, 1.800, -2, 5.000, 0, 0, 1, 0.000, 0, 31.000, -4.500, 2.000
1.300, 1, A, 36.400, -1.500, 0.000, 0.000, 0.000, 0.000, 28.000, 0.000, 3.469, 1.300, 0.000, 0.800, 0, 1.500, -1, 4.500, 2, 0, 1, 0.000, 0, 36.400, -1.500, 1.800
1.400, 0, Ego, 33.000, -4.500, 0.000, 0.000, 0.000, 0.000, 20.000, 0.000, 4.602, 1.400, 0.000, 0.900, 0, 1.800, -2, 5.000, 0, 0, 1, 0.000, 0, 33.000, -4.500, 2.000
1.400, 1, A, 39.200, -1.500, 0.000, 0.000, 0.000, 0.000, 28.000, 0.000, 5.186, 1.300, 0.000, 0.800, 0, 1.500, -1, 4.500, 2, 0, 1, 0.000, 0, 39.200, -1.500, 1.800
1.500, 0, Ego, 35.000, -4.500, 0.000, 0.000, 0.000, 0.000, 20.000, 0.000, 4.033, 1.400, 0.000, 0.900, 0, 1.800, -2, 5.000, 0, 0, 1, 0.000, 0, 35.000, -4.500, 2.000
1.500, 1, A, 42.000, -1.500, 0.000, 0.000, 0.000, 0.000, 28.000, 0.000, 0.619, 1.300, 0.000, 0.800, 0, 1.500, -1, 4.500, 2, 0, 1, 0.000, 0, 42.000, -1.500, 1.800
1.600, 0, Ego, 37.000, -4.500, 0.000, 0.000, 0.000, 0.000, 20.000, 0.000, 3.464, 1.400, 0.000, 0.900, 0, 1.800, -2, 5.000, 0, 0, 1, 0.000, 0, 37.000, -4.500, 2.000
1.600, 1, A, 44.752, -1.517, 0.000, 6.277, 0.000, 0.000, 27.524, 0.000, 2.200, 1.300, 0.000, 0.800, 0, 1.500, -1, 4.500, 2, 0, 1, -0.017, 0, 44.752, -1.517, 1.800
1.700, 0, Ego, 39.000, -4.500, 0.000, 0.000, 0.000, 0.000, 20.000, 0.000, 2.895, 1.400, 0.000, 0.900, 0, 1.800, -2, 5.000, 0, 0, 1, 0.000, 0, 39.000, -4.500, 2.000
1.700, 1, A, 47.457, -1.567, 0.000, 6.265, 0.000, 0.000, 27.048, 0.000, 3.645, 1.300, 0.000, 0.800, 0, 1.500, -1, 4.500, 2, 0, 1, -0.067, 0, 47.457, -1.567, 1.800
1.800, 0, Ego, 41.000, -4.500, 0.000, 0.000, 0.000, 0.000, 20.000, 0.000, 2.326, 1.400, 0.000, 0.900, 0, 1.800, -2, 5.000, 0, 0, 1, 0.000, 0, 41.000, -4.500, 2.000
1.800, 1, A, 50.114, -1.649, 0.000, 6.253, 0.000, 0.000, 26.571, 0.000, 4.954, 1.300, 0.000, 0.800, 0, 1.500, -1, 4.500, 2, 0, 1, -0.149, 0, 50.114, -1.649, 1.800
1.900, 0, Ego, 43.000, -4.500, 0.000, 0.000, 0.000, 0.000, 20.000, 0.000, 1.757, 1.400, 0.000, 0.900, 0, 1.800, -2, 5.000, 0, 0, 1, 0.000, 0, 43.000, -4.500, 2.000
1.900, 1, A, 52.724, -1.761, 0.000, 6.241, 0.000, 0.000, 26.095, 0.000, 6.126, 1.300, 0.000, 0.800, 0, 1.500, -1, 4.500, 2, 0, 1, -0.261, 0, 52.724, -1.761, 1.800
2.000, 0, Ego, 45.000, -4.500, 0.000, 0.000, 0.000, 0.000, 20.000, 0.000, 1.188, 1.400, 0.000, 0.900, 0, 1.800, -2, 5.000, 0, 0, 1, 0.000, 0, 45.000, -4.500, 2.000
2.000, 1, A, 55.286, -1.900, 0.000, 6.230, 0.000, 0.000, 25.619, 0.000, 0.880, 1.300, 0.000, 0.800, 0, 1.500, -1, 4.500, 2, 0, 1, -0.400, 0, 55.286, -1.900, 1.800
2.100, 0, Ego, 47.000, -4.500, 0.000, 0.000, 0.000, 0.000, 20.000, 0.000, 0.619, 1.400, 0.000, 0.900, 0, 1.800, -2, 5.000, 0, 0, 1, 0.000, 0, 47.000, -4.500, 2.000
2.100, 1, A, 57.800, -2.065, 0.000, 6.219, 0.000, 0.000, 25.143, 0.000, 1.780, 1.300, 0.000, 0.800, 0, 1.500, -1, 4.500, 2, 0, 1, -0.565, 0, 57.800, -2.065, 1.800
2.200, 0, Ego, 49.000, -4.500, 0.000, 0.000, 0.000, 0.000, 20.000, 0.000, 0.051, 1.400, 0.000, 0.900, 0, 1.800, -2, 5.000, 0, 0, 1, 0.000, 0, 49.000, -4.500, 2.000
2.200, 1, A, 60.267, -2.250, 0.000, 6.210, 0.000, 0.000, 24.667, 0.000, 2.544, 1.300, 0.000, 0.800, 0, 1.500, -1, 4.500, 2, 0, 1, -0.750, 0, 60.267, -2.250, 1.800
2.300, 0, Ego, 51.000, -4.500, 0.000, 0.000, 0.000, 0.000, 20.000, 0.000, 5.765, 1.400, 0.000, 0.900, 0, 1.800, -2, 5.000, 0, 0, 1, 0.000, 0, 51.000, -4.500, 2.000
2.300, 1, A, 62.686, -2.452, 0.000, 6.201, 0.000, 0.000, 24.190, 0.000, 3.173, 1.300, 0.000, 0.800, 0, 1.500, -1, 4.500, 2, 0, 1, -0.952, 0, 62.686, -2.452, 1.800
2.400, 0, Ego, 53.000, -4.500, 0.000, 0.000, 0.000, 0.000, 20.000, 0.000, 5.196, 1.400, 0.000, 0.900, 0, 1.800, -2, 5.000, 0, 0, 1, 0.000, 0, 53.000, -4.500, 2.000
2.400, 1, A, 65.057, -2.666, 0.000, 6.195, 0.000, 0.000, 23.714, 0.000, 3.665, 1.300, 0.000, 0.800, 0, 1.500, -1, 4.500, 2, 0, 1, -1.166, 0, 65.057, -2.666, 1.800
2.500, 0, Ego, 55.000, -4.500, 0.000, 0.000, 0.000, 0.000, 20.000, 0.000, 4.627, 1.400, 0.000, 0.900, 0, 1.800, -2, 5.000, 0, 0, 1, 0.000, 0, 55.000, -4.500, 2.000
2.500, 1, A, 67.381, -2.888, 0.000, 6.190, 0.000, 0.000, 23.238, 0.000, 4.021, 1.300, 0.000, 0.800, 0, 1.500, -1, 4.500, 2, 0, 1, -1.388, 0, 67.381, -2.888, 1.800
2.600, 0, Ego, 57.000, -4.500, 0.000, 0.000, 0.000, 0.000, 20.000, 0.000, 4.058, 1.400, 0.000, 0.900, 0, 1.800, -2, 5.000, 0, 0, 1, 0.000, 0, 57.000, -4.500, 2.000
2.600, 1, A, 69.657, -3.112, 0.000, 6.187, 0.000, 0.000, 22.762, 0.000, 4.242, 1.300, 0.000, 0.800, 0, 1.500, -2, 4.500, 2, 0, 1, 1.388, 0, 69.657, -3.112, 1.800
2.700, 0, Ego, 59.000, -4.500, 0.000, 0.000, 0.000, 0.000, 20.000, 0.000, 3.489, 1.400, 0.000, 0.900, 0, 1.800, -2, 5.000, 0, 0, 1, 0.000, 0, 59.000, -4.500, 2.000
2.700, 1, A, 71.886, -3.334, 0.000, 6.186, 0.000, 0.000, 22.286, 0.000, 4.326, 1.300, 0.000, 0.800, 0, 1.500, -2, 4.500, 2, 0, 1, 1.166, 0, 71.886, -3.334, 1.800
2.800, 0, Ego, 61.000, -4.500, 0.000, 0.000, 0.000, 0.000, 20.000, 0.000, 2.920, 1.400, 0.000, 0.900, 0, 1.800, -2, 5.000, 0, 0, 1, 0.000, 0, 61.000, -4.500, 2.000
2.800, 1, A, 74.067, -3.548, 0.000, 6.187, 0.000, 0.000, 21.810, 0.000, 4.274, 1.300, 0.000, 0.800, 0, 1.500, -2, 4.500, 2, 0, 1, 0.952, 0, 74.067, -3.548, 1.800
2.900, 0, Ego, 63.000, -4.500, 0.000, 0.000, 0.000, 0.000, 20.000, 0.000, 2.351, 1.400, 0.000, 0.900, 0, 1.800, -2, 5.000, 0, 0, 1, 0.000, 0, 63.000, -4.500, 2.000
2.900, 1, A, 76.200, -3.750, 0.000, 6.191, 0.000, 0.000, 21.333, 0.000, 4.086, 1.300, 0.000, 0.800, 0, 1.500, -2, 4.500, 2, 0, 1, 0.750, 0, 76.200, -3.750, 1.800
3.000, 0, Ego, 65.000, -4.500, 0.000, 0.000, 0.000, 0.000, 20.000, 0.000, 1.783, 1.400, 0.000, 0.900, 0, 1.800, -2, 5.000, 0, 0, 1, 0.000, 0, 65.000, -4.500, 2.000
3.000, 1, A, 78.286, -3.935, 0.000, 6.197, 0.000, 0.000, 20.857, 0.000, 3.762, 1.300, 0.000, 0.800, 0, 1.500, -2, 4.500, 2, 0, 1, 0.565, 0, 78.286, -3.935, 1.800
3.100, 0, Ego, 67.000, -4.500, 0.000, 0.000, 0.000, 0.000, 20.000, 0.000, 1.214, 1.400, 0.000, 0.900, 0, 1.800, -2, 5.000, 0, 0, 1, 0.000, 0, 67.000, -4.500, 2.000
3.100, 1, A, 80.324, -4.100, 0.000, 6.205, 0.000, 0.000, 20.381, 0.000, 3.302, 1.300, 0.000, 0.800, 0, 1.500, -2, 4.500, 2, 0, 1, 0.400, 0, 80.324, -4.100, 1.800
3.200, 0, Ego, 69.000, -4.500, 0.000, 0.000, 0.000, 0.000, 20.000, 0.000, 0.645, 1.400, 0.000, 0.900, 0, 1.800, -2, 5.000, 0, 0, 1, 0.000, 0, 69.000, -4.500, 2.000
3.200, 1, A, 82.314, -4.239, 0.000, 6.215, 0.000, 0.000, 19.905, 0.000, 2.706, 1.300, 0.000, 0.800, 0, 1.500, -2, 4.500, 2, 0, 1, 0.261, 0, 82.314, -4.239, 1.800
3.300, 0, Ego, 71.000, -4.500, 0.000, 0.000, 0.000, 0.000, 20.000, 0.000, 0.076, 1.400, 0.000, 0.900, 0, 1.800, -2, 5.000, 0, 0, 1, 0.000, 0, 71.000, -4.500, 2.000
3.300, 1, A, 84.257, -4.351, 0.000, 6.227, 0.000, 0.000, 19.429, 0.000, 1.974, 1.300, 0.000, 0.800, 0, 1.500, -2, 4.500, 2, 0, 1, 0.149, 0, 84.257, -4.351, 1.800
3.400, 0, Ego, 73.000, -4.500, 0.000, 0.000, 0.000, 0.000, 20.000, 0.000, 5.790, 1.400, 0.000, 0.900, 0, 1.800, -2, 5.000, 0, 0, 1, 0.000, 0, 73.000, -4.500, 2.000
3.400, 1, A, 86.152, -4.433, 0.000, 6.241, 0.000, 0.000, 18.952, 0.000, 1.105, 1.300, 0.000, 0.800, 0, 1.500, -2, 4.500, 2, 0, 1, 0.067, 0, 86.152, -4.433, 1.800
3.500, 0, Ego, 75.000, -4.500, 0.000, 0.000, 0.000, 0.000, 20.000, 0.000, 5.221, 1.400, 0.000, 0.900, 0, 1.800, -2, 5.000, 0, 0, 1, 0.000, 0, 75.000, -4.500, 2.000
3.500, 1, A, 88.000, -4.483, 0.000, 6.257, 0.000, 0.000, 18.476, 0.000, 0.101, 1.300, 0.000, 0.800, 0, 1.500, -2, 4.500, 2, 0, 1, 0.017, 0, 88.000, -4.483, 1.800
3.600, 0, Ego, 77.000, -4.500, 0.000, 0.000, 0.000, 0.000, 20.000, 0.000, 4.652, 1.400, 0.000, 0.900, 0, 1.800, -2, 5.000, 0, 0, 1, 0.000, 0, 77.000, -4.500, 2.000
3.600, 1, A, 89.800, -4.500, 0.000, 0.000, 0.000, 0.000, 18.000, 0.000, 5.244, 1.300, 0.000, 0.800, 0, 1.500, -2, 4.500, 2, 0, 1, 0.000, 0, 89.800, -4.500, 1.800
3.700, 0, Ego, 79.000, -4.500, 0.000, 0.000, 0.000, 0.000, 20.000, 0.000, 4.083, 1.400, 0.000, 0.900, 0, 1.800, -2, 5.000, 0, 0, 1, 0.000, 0, 79.000, -4.500, 2.000
3.700, 1, A, 91.600, -4.500, 0.000, 0.000, 0.000, 0.000, 18.000, 0.000, 4.104, 1.300, 0.000, 0.800, 0, 1.500, -2, 4.500, 2, 0, 1, 0.000, 0, 91.600, -4.500, 1.800
3.800, 0, Ego, 81.000, -4.500, 0.000, 0.000, 0.000, 0.000, 20.000, 0.000, 3.515, 1.400, 0.000, 0.900, 0, 1.800, -2, 5.000, 0, 0, 1, 0.000, 0, 81.000, -4.500, 2.000
3.800, 1, A, 93.400, -4.500, 0.000, 0.000, 0.000, 0.000, 18.000, 0.000, 2.963, 1.300, 0.000, 0.800, 0, 1.500, -2, 4.500, 2, 0, 1, 0.000, 0, 93.400, -4.500, 1.800
3.900, 0, Ego, 83.000, -4.500, 0.000, 0.000, 0.000, 0.000, 20.000, 0.000, 2.946, 1.400, 0.000, 0.900, 0, 1.800, -2, 5.000, 0, 0, 1, 0.000, 0, 83.000, -4.500, 2.000
3.900, 1, A, 95.200, -4.500, 0.000, 0.000, 0.000, 0.000, 18.000, 0.000, 1.823, 1.300, 0.000, 0.800, 0, 1.500, -2, 4.500, 2, 0, 1, 0.000, 0, 95.200, -4.500, 1.800
4.000, 0, Ego, 85.000, -4.500, 0.000, 0.000, 0.000, 0.000, 20.000, 0.000, 2.377, 1.400, 0.000, 0.900, 0, 1.800, -2, 5.000, 0, 0, 1, 0.000, 0, 85.000, -4.500, 2.000
4.000, 1, A, 97.000, -4.500, 0.000, 0.000, 0.000, 0.000, 18.000, 0.000, 0.683, 1.300, 0.000, 0.800, 0, 1.500, -2, 4.500, 2, 0, 1, 0.000, 0, 97.000, -4.500, 1.800
4.100, 0, Ego, 87.000, -4.500, 0.000, 0.000, 0.000, 0.000, 20.000, 0.000, 1.808, 1.400, 0.000, 0.900, 0, 1.800, -2, 5.000, 0, 0, 1, 0.000, 0, 87.000, -4.500, 2.000
4.100, 1, A, 98.800, -4.500, 0.000, 0.000, 0.000, 0.000, 18.000, 0.000, 5.826, 1.300, 0.000, 0.800, 0, 1.500, -2, 4.500, 2, 0, 1, 0.000, 0, 98.800, -4.500, 1.800
4.200, 0, Ego, 89.000, -4.500, 0.000, 0.000, 0.000, 0.000, 20.000, 0.000, 1.239, 1.400, 0.000, 0.900, 0, 1.800, -2, 5.000, 0, 0, 1, 0.000, 0, 89.000, -4.500, 2.000
4.200, 1, A, 100.600, -4.500, 0.000, 0.000, 0.000, 0.000, 18.000, 0.000, 4.685, 1.300, 0.000, 0.800, 0, 1.500, -2, 4.500, 2, 0, 1, 0.000, 0, 100.600, -4.500, 1.800
4.300, 0, Ego, 91.000, -4.500, 0.000, 0.000, 0.000, 0.000, 20.000, 0.000, 0.670, 1.400, 0.000, 0.900, 0, 1.800, -2, 5.000, 0, 0, 1, 0.000, 0, 91.000, -4.500, 2.000
4.300, 1, A, 102.400, -4.500, 0.000, 0.000, 0.000, 0.000, 18.000, 0.000, 3.545, 1.300, 0.000, 0.800, 0, 1.500, -2, 4.500, 2, 0, 1, 0.000, 0, 102.400, -4.500, 1.800
4.400, 0, Ego, 93.000, -4.500, 0.000, 0.000, 0.000, 0.000, 20.000, 0.000, 0.101, 1.400, 0.000, 0.900, 0, 1.800, -2, 5.000, 0, 0, 1, 0.000, 0, 93.000, -4.500, 2.000
4.400, 1, A, 104.200, -4.500, 0.000, 0.000, 0.000, 0.000, 18.000, 0.000, 2.405, 1.300, 0.000, 0.800, 0, 1.500, -2, 4.500, 2, 0, 1, 0.000, 0, 104.200, -4.500, 1.800
4.500, 0, Ego, 95.000, -4.500, 0.000, 0.000, 0.000, 0.000, 20.000, 0.000, 5.815, 1.400, 0.000, 0.900, 0, 1.800, -2, 5.000, 0, 0, 1, 0.000, 0, 95.000, -4.500, 2.000
4.500, 1, A, 106.000, -4.500, 0.000, 0.000, 0.000, 0.000, 18.000, 0.000, 1.264, 1.300, 0.000, 0.800, 0, 1.500, -2, 4.500, 2, 0, 1, 0.000, 0, 106.000, -4.500, 1.800
4.600, 0, Ego, 97.000, -4.500, 0.000, 0.000, 0.000, 0.000, 20.000, 0.000, 5.247, 1.400, 0.000, 0.900, 0, 1.800, -2, 5.000, 0, 0, 1, 0.000, 0, 97.000, -4.500, 2.000
4.600, 1, A, 107.800, -4.500, 0.000, 0.000, 0.000, 0.000, 18.000, 0.000, 0.124, 1.300, 0.000, 0.800, 0, 1.500, -2, 4.500, 2, 0, 1, 0.000, 0, 107.800, -4.500, 1.800
4.700, 0, Ego, 99.000, -4.500, 0.000, 0.000, 0.000, 0.000, 20.000, 0.000, 4.678, 1.400, 0.000, 0.900, 0, 1.800, -2, 5.000, 0, 0, 1, 0.000, 0, 99.000, -4.500, 2.000
4.700, 1, A, 109.600, -4.500, 0.000, 0.000, 0.000, 0.000, 18.000, 0.000, 5.267, 1.300, 0.000, 0.800, 0, 1.500, -2, 4.500, 2, 0, 1, 0.000, 0, 109.600, -4.500, 1.800
4.800, 0, Ego, 101.000, -4.500, 0.000, 0.000, 0.000, 0.000, 20.000, 0.000, 4.109, 1.400, 0.000, 0.900, 0, 1.800, -2, 5.000, 0, 0, 1, 0.000, 0, 101.000, -4.500, 2.000
4.800, 1, A, 111.400, -4.500, 0.000, 0.000, 0.000, 0.000, 18.000, 0.000, 4.126, 1.300, 0.000, 0.800, 0, 1.500, -2, 4.500, 2, 0, 1, 0.000, 0, 111.400, -4.500, 1.800
4.900, 0, Ego, 103.000, -4.500, 0.000, 0.000, 0.000, 0.000, 20.000, 0.000, 3.540, 1.400, 0.000, 0.900, 0, 1.800, -2, 5.000, 0, 0, 1, 0.000, 0, 103.000, -4.500, 2.000
4.900, 1, A, 113.200, -4.500, 0.000, 0.000, 0.000, 0.000, 18.000, 0.000, 2.986, 1.300, 0.000, 0.800, 0, 1.500, -2, 4.500, 2, 0, 1, 0.000, 0, 113.200, -4.500, 1.800
5.000, 0, Ego, 105.000, -4.500, 0.000, 0.000, 0.000, 0.000, 20.000, 0.000, 2.971, 1.400, 0.000, 0.900, 0, 1.800, -2, 5.000, 0, 0, 1, 0.000, 0, 105.000, -4.500, 2.000
5.000, 1, A, 115.000, -4.500, 0.000, 0.000, 0.000, 0.000, 18.000, 0.000, 1.846, 1.300, 0.000, 0.800, 0, 1.500, -2, 4.500, 2, 0, 1, 0.000, 0, 115.000, -4.500, 1.800
5.100, 0, Ego, 107.000, -4.500, 0.000, 0.000, 0.000, 0.000, 20.000, 0.000, 2.402, 1.400, 0.000, 0.900, 0, 1.800, -2, 5.000, 0, 0, 1, 0.000, 0, 107.000, -4.500, 2.000
5.100, 1, A, 116.800, -4.500, 0.000, 0.000, 0.000, 0.000, 18.000, 0.000, 0.705, 1.300, 0.000, 0.800, 0, 1.500, -2, 4.500, 2, 0, 1, 0.000, 0, 116.800, -4.500, 1.800
5.200, 0, Ego, 109.000, -4.500, 0.000, 0.000, 0.000, 0.000, 20.000, 0.000, 1.833, 1.400, 0.000, 0.900, 0, 1.800, -2, 5.000, 0, 0, 1, 0.000, 0, 109.000, -4.500, 2.000
5.200, 1, A, 118.600, -4.500, 0.000, 0.000, 0.000, 0.000, 18.000, 0.000, 5.848, 1.300, 0.000, 0.800, 0, 1.500, -2, 4.500, 2, 0, 1, 0.000, 0, 118.600, -4.500, 1.800
5.300, 0, Ego, 111.000, -4.500, 0.000, 0.000, 0.000, 0.000, 20.000, 0.000, 1.264, 1.400, 0.000, 0.900, 0, 1.800, -2, 5.000, 0, 0, 1, 0.000, 0, 111.000, -4.500, 2.000
5.300, 1, A, 120.400, -4.500, 0.000, 0.000, 0.000, 0.000, 18.000, 0.000, 4.708, 1.300, 0.000, 0.800, 0, 1.500, -2, 4.500, 2, 0, 1, 0.000, 0, 120.400, -4.500, 1.800
5.400, 0, Ego, 113.000, -4.500, 0.000, 0.000, 0.000, 0.000, 20.000, 0.000, 0.695, 1.400, 0.000, 0.900, 0, 1.800, -2, 5.000, 0, 0, 1, 0.000, 0, 113.000, -4.500, 2.000
5.400, 1, A, 122.200, -4.500, 0.000, 0.000, 0.000, 0.000, 18.000, 0.000, 3.568, 1.300, 0.000, 0.800, 0, 1.500, -2, 4.500, 2, 0, 1, 0.000, 0, 122.200, -4.500, 1.800
5.500, 0, Ego, 115.000, -4.500, 0.000, 0.000, 0.000, 0.000, 20.000, 0.000, 0.126, 1.400, 0.000, 0.900, 0, 1.800, -2, 5.000, 0, 0, 1, 0.000, 0, 115.000, -4.500, 2.000
5.500, 1, A, 124.000, -4.500, 0.000, 0.000, 0.000, 0.000, 18.000, 0.000, 2.427, 1.300, 0.000, 0.800, 0, 1.500, -2, 4.500, 2, 0, 1, 0.000, 0, 124.000, -4.500, 1.800
5.600, 0, Ego, 117.000, -4.500, 0.000, 0.000, 0.000, 0.000, 20.000, 0.000, 5.841, 1.400, 0.000, 0.900, 0, 1.800, -2, 5.000, 0, 0, 1, 0.000, 0, 117.000, -4.500, 2.000
5.600, 1, A, 125.800, -4.500, 0.000, 0.000, 0.000, 0.000, 18.000, 0.000, 1.287, 1.300, 0.000, 0.800, 0, 1.500, -2, 4.500, 2, 0, 1, 0.000, 0, 125.800, -4.500, 1.800
5.700, 0, Ego, 119.000, -4.500, 0.000, 0.000, 0.000, 0.000, 20.000, 0.000, 5.272, 1.400, 0.000, 0.900, 0, 1.800, -2, 5.000, 0, 0, 1, 0.000, 0, 119.000, -4.500, 2.000
5.700, 1, A, 127.600, -4.500, 0.000, 0.000, 0.000, 0.000, 18.000, 0.000, 0.147, 1.300, 0.000, 0.800, 0, 1.500, -2, 4.500, 2, 0, 1, 0.000, 0, 127.600, -4.500, 1.800
5.800, 0, Ego, 121.000, -4.500, 0.000, 0.000, 0.000, 0.000, 20.000, 0.000, 4.703, 1.400, 0.000, 0.900, 0, 1.800, -2, 5.000, 0, 0, 1, 0.000, 0, 121.000, -4.500, 2.000
5.800, 1, A, 129.400, -4.500, 0.000, 0.000, 0.000, 0.000, 18.000, 0.000, 5.290, 1.300, 0.000, 0.800, 0, 1.500, -2, 4.500, 2, 0, 1, 0.000, 0, 129.400, -4.500, 1.800
5.900, 0, Ego, 123.000, -4.500, 0.000, 0.000, 0.000, 0.000, 20.000, 0.000, 4.134, 1.400, 0.000, 0.900, 0, 1.800, -2, 5.000, 0, 0, 1, 0.000, 0, 123.000, -4.500, 2.000
5.900, 1, A, 131.200, -4.500, 0.000, 0.000, 0.000, 0.000, 18.000, 0.000, 4.149, 1.300, 0.000, 0.800, 0, 1.500, -2, 4.500, 2, 0, 1, 0.000, 0, 131.200, -4.500, 1.800
6.000, 0, Ego, 125.000, -4.500, 0.000, 0.000, 0.000, 0.000, 20.000, 0.000, 3.565, 1.400, 0.000, 0.900, 0, 1.800, -2, 5.000, 0, 0, 1, 0.000, 0, 125.000, -4.500, 2.000
6.000, 1, A, 133.000, -4.500, 0.000, 0.000, 0.000, 0.000, 18.000, 0.000, 3.009, 1.300, 0.000, 0.800, 0, 1.500, -2, 4.500, 2, 0, 1, 0.000, 0, 133.000, -4.500, 1.800
6.100, 0, Ego, 127.000, -4.500, 0.000, 0.000, 0.000, 0.000, 20.000, 0.000, 2.996, 1.400, 0.000, 0.900, 0, 1.800, -2, 5.000, 0, 0, 1, 0.000, 0, 127.000, -4.500, 2.000
6.100, 1, A, 134.800, -4.500, 0.000, 0.000, 0.000, 0.000, 18.000, 0.000, 1.869, 1.300, 0.000, 0.800, 0, 1.500, -2, 4.500, 2, 0, 1, 0.000, 0, 134.800, -4.500, 1.800
6.200, 0, Ego, 129.000, -4.500, 0.000, 0.000, 0.000, 0.000, 20.000, 0.000, 2.427, 1.400, 0.000, 0.900, 0, 1.800, -2, 5.000, 0, 0, 1, 0.000, 0, 129.000, -4.500, 2.000
6.200, 1, A, 136.600, -4.500, 0.000, 0.000, 0.000, 0.000, 18.000, 0.000, 0.728, 1.300, 0.000, 0.800, 0, 1.500, -2, 4.500, 2, 0, 1, 0.000, 0, 136.600, -4.500, 1.800
6.300, 0, Ego, 131.000, -4.500, 0.000, 0.000, 0.000, 0.000, 20.000, 0.000, 1.858, 1.400, 0.000, 0.900, 0, 1.800, -2, 5.000, 0, 0, 1, 0.000, 0, 131.000, -4.500, 2.000
6.300, 1, A, 138.400, -4.500, 0.000, 0.000, 0.000, 0.000, 18.000, 0.000, 5.871, 1.300, 0.000, 0.800, 0, 1.500, -2, 4.500, 2, 0, 1, 0.000, 0, 138.400, -4.500, 1.800
6.400, 0, Ego, 133.000, -4.500, 0.000, 0.000, 0.000, 0.000, 20.000, 0.000, 1.290, 1.400, 0.000, 0.900, 0, 1.800, -2, 5.000, 0, 0, 1, 0.000, 0, 133.000, -4.500, 2.000
6.400, 1, A, 140.200, -4.500, 0.000, 0.000, 0.000, 0.000, 18.000, 0.000, 4.731, 1.300, 0.000, 0.800, 0, 1.500, -2, 4.500, 2, 0, 1, 0.000, 0, 140.200, -4.500, 1.800
6.500, 0, Ego, 135.000, -4.500, 0.000, 0.000, 0.000, 0.000, 20.000, 0.000, 0.721, 1.400, 0.000, 0.900, 0, 1.800, -2, 5.000, 0, 0, 1, 0.000, 0, 135.000, -4.500, 2.000
6.500, 1, A, 142.000, -4.500, 0.000, 0.000, 0.000, 0.000, 18.000, 0.000, 3.590, 1.300, 0.000, 0.800, 0, 1.500, -2, 4.500, 2, 0, 1, 0.000, 0, 142.000, -4.500, 1.800
6.600, 0, Ego, 137.000, -4.500, 0.000, 0.000, 0.000, 0.000, 20.000, 0.000, 0.152, 1.400, 0.000, 0.900, 0, 1.800, -2, 5.000, 0, 0, 1, 0.000, 0, 137.000, -4.500, 2.000
6.600, 1, A, 143.800, -4.500, 0.000, 0.000, 0.000, 0.000, 18.000, 0.000, 2.450, 1.300, 0.000, 0.800, 0, 1.500, -2, 4.500, 2, 0, 1, 0.000, 0, 143.800, -4.500, 1.800
6.700, 0, Ego, 139.000, -4.500, 0.000, 0.000, 0.000, 0.000, 20.000, 0.000, 5.866, 1.400, 0.000, 0.900, 0, 1.800, -2, 5.000, 0, 0, 1, 0.000, 0, 139.000, -4.500, 2.000
6.700, 1, A, 145.600, -4.500, 0.000, 0.000, 0.000, 0.000, 18.000, 0.000, 1.310, 1.300, 0.000, 0.800, 0, 1.500, -2, 4.500, 2, 0, 1, 0.000, 0, 145.600, -4.500, 1.800
6.800, 0, Ego, 141.000, -4.500, 0.000, 0.000, 0.000, 0.000, 20.000, 0.000, 5.297, 1.400, 0.000, 0.900, 0, 1.800, -2, 5.000, 0, 0, 1, 0.000, 0, 141.000, -4.500, 2.000
6.800, 1, A, 147.400, -4.500, 0.000, 0.000, 0.000, 0.000, 18.000, 0.000, 0.169, 1.300, 0.000, 0.800, 0, 1.500, -2, 4.500, 2, 0, 1, 0.000, 0, 147.400, -4.500, 1.800
6.900, 0, Ego, 143.000, -4.500, 0.000, 0.000, 0.000, 0.000, 20.000, 0.000, 4.728, 1.400, 0.000, 0.900, 0, 1.800, -2, 5.000, 0, 0, 1, 0.000, 0, 143.000, -4.500, 2.000
6.900, 1, A, 149.200, -4.500, 0.000, 0.000, 0.000, 0.000, 18.000, 0.000, 5.312, 1.300, 0.000, 0.800, 0, 1.500, -2, 4.500, 2, 0, 1, 0.000, 0, 149.200, -4.500, 1.800
7.000, 0, Ego, 145.000, -4.500, 0.000, 0.000, 0.000, 0.000, 20.000, 0.000, 4.159, 1.400, 0.000, 0.900, 0, 1.800, -2, 5.000, 0, 0, 1, 0.000, 0, 145.000, -4.500, 2.000
7.000, 1, A, 151.000, -4.500, 0.000, 0.000, 0.000, 0.000, 18.000, 0.000, 4.172, 1.300, 0.000, 0.800, 0, 1.500, -2, 4.500, 2, 0, 1, 0.000, 0, 151.000, -4.500, 1.800
7.100, 0, Ego, 147.000, -4.500, 0.000, 0.000, 0.000, 0.000, 20.000, 0.000, 3.590, 1.400, 0.000, 0.900, 0, 1.800, -2, 5.000, 0, 0, 1, 0.000, 0, 147.000, -4.500, 2.000
7.100, 1, A, 152.800, -4.500, 0.000, 0.000, 0.000, 0.000, 18.000, 0.000, 3.032, 1.300, 0.000, 0.800, 0, 1.500, -2, 4.500, 2, 0, 1, 0.000, 0, 152.800, -4.500, 1.800
7.200, 0, Ego, 149.000, -4.500, 0.000, 0.000, 0.000, 0.000, 20.000, 0.000, 3.022, 1.400, 0.000, 0.900, 0, 1.800, -2, 5.000, 0, 0, 1, 0.000, 0, 149.000, -4.500, 2.000
7.200, 1, A, 154.600, -4.500, 0.000, 0.000, 0.000, 0.000, 18.000, 0.000, 1.891, 1.300, 0.000, 0.800, 0, 1.500, -2, 4.500, 2, 0, 1, 0.000, 0, 154.600, -4.500, 1.800
7.300, 0, Ego, 151.000, -4.500, 0.000, 0.000, 0.000, 0.000, 20.000, 0.000, 2.453, 1.400, 0.000, 0.900, 0, 1.800, -2, 5.000, 0, 0, 1, 0.000, 0, 151.000, -4.500, 2.000
7.300, 1, A, 156.400, -4.500, 0.000, 0.000, 0.000, 0.000, 18.000, 0.000, 0.751, 1.300, 0.000, 0.800, 0, 1.500, -2, 4.500, 2, 0, 1, 0.000, 0, 156.400, -4.500, 1.800
7.400, 0, Ego, 153.000, -4.500, 0.000, 0.000, 0.000, 0.000, 20.000, 0.000, 1.884, 1.400, 0.000, 0.900, 0, 1.800, -2, 5.000, 0, 0, 1, 0.000, 0, 153.000, -4.500, 2.000
7.400, 1, A, 158.200, -4.500, 0.000, 0.000, 0.000, 0.000, 18.000, 0.000, 5.894, 1.300, 0.000, 0.800, 0, 1.500, -2, 4.500, 2, 0, 1, 0.000, 0, 158.200, -4.500, 1.800
7.500, 0, Ego, 155.000, -4.500, 0.000, 0.000, 0.000, 0.000, 20.000, 0.000, 1.315, 1.400, 0.000, 0.900, 0, 1.800, -2, 5.000, 0, 0, 1, 0.000, 0, 155.000, -4.500, 2.000
7.500, 1, A, 160.000, -4.500, 0.000, 0.000, 0.000, 0.000, 18.000, 0.000, 4.754, 1.300, 0.000, 0.800, 0, 1.500, -2, 4.500, 2, 0, 1, 0.000, 0, 160.000, -4.500, 1.800
7.600, 0, Ego, 157.000, -4.500, 0.000, 0.000, 0.000, 0.000, 20.000, 0.000, 0.746, 1.400, 0.000, 0.900, 0, 1.800, -2, 5.000, 0, 0, 1, 0.000, 0, 157.000, -4.500, 2.000
7.600, 1, A, 161.800, -4.500, 0.000, 0.000, 0.000, 0.000, 18.000, 0.000, 3.613, 1.300, 0.000, 0.800, 0, 1.500, -2, 4.500, 2, 0, 1, 0.000, 0, 161.800, -4.500, 1.800
7.700, 0, Ego, 159.000, -4.500, 0.000, 0.000, 0.000, 0.000, 20.000, 0.000, 0.177, 1.400, 0.000, 0.900, 0, 1.800, -2, 5.000, 0, 0, 1, 0.000, 0, 159.000, -4.500, 2.000
7.700, 1, A, 163.600, -4.500, 0.000, 0.000, 0.000, 0.000, 18.000, 0.000, 2.473, 1.300, 0.000, 0.800, 0, 1.500, -2, 4.500, 2, 0, 1, 0.000, 0, 163.600, -4.500, 1.800
7.800, 0, Ego, 161.000, -4.500, 0.000, 0.000, 0.000, 0.000, 20.000, 0.000, 5.891, 1.400, 0.000, 0.900, 0, 1.800, -2, 5.000, 0, 0, 1, 0.000, 0, 161.000, -4.500, 2.000
7.800, 1, A, 165.400, -4.500, 0.000, 0.000, 0.000, 0.000, 18.000, 0.000, 1.333, 1.300, 0.000, 0.800, 0, 1.500, -2, 4.500, 2, 0, 1, 0.000, 0, 165.400, -4.500, 1.800
7.900, 0, Ego, 163.000, -4.500, 0.000, 0.000, 0.000, 0.000, 20.000, 0.000, 5.322, 1.400, 0.000, 0.900, 0, 1.800, -2, 5.000, 0, 0, 1, 0.000, 0, 163.000, -4.500, 2.000
7.900, 1, A, 167.200, -4.500, 0.000, 0.000, 0.000, 0.000, 18.000, 0.000, 0.192, 1.300, 0.000, 0.800, 0, 1.500, -2, 4.500, 2, 0, 1, 0.000, 0, 167.200, -4.500, 1.800
8.000, 0, Ego, 165.000, -4.500, 0.000, 0.000, 0.000, 0.000, 20.000, 0.000, 4.754, 1.400, 0.000, 0.900, 0, 1.800, -2, 5.000, 0, 0, 1, 0.000, 0, 165.000, -4.500, 2.000
8.000, 1, A, 169.000, -4.500, 0.000, 0.000, 0.000, 0.000, 18.000, 0.000, 5.335, 1.300, 0.000, 0.800, 0, 1.500, -2, 4.500, 2, 0, 1, 0.000, 0, 169.000, -4.500, 1.800
8.100, 0, Ego, 167.000, -4.500, 0.000, 0.000, 0.000, 0.000, 20.000, 0.000, 4.185, 1.400, 0.000, 0.900, 0, 1.800, -2, 5.000, 0, 0, 1, 0.000, 0, 167.000, -4.500, 2.000
8.100, 1, A, 170.800, -4.500, 0.000, 0.000, 0.000, 0.000, 18.000, 0.000, 4.195, 1.300, 0.000, 0.800, 0, 1.500, -2, 4.500, 2, 0, 1, 0.000, 0, 170.800, -4.500, 1.800
8.200, 0, Ego, 169.000, -4.500, 0.000, 0.000, 0.000, 0.000, 20.000, 0.000, 3.616, 1.400, 0.000, 0.900, 0, 1.800, -2, 5.000, 0, 0, 1, 0.000, 0, 169.000, -4.500, 2.000
8.200, 1, A, 172.600, -4.500, 0.000, 0.000, 0.000, 0.000, 18.000, 0.000, 3.054, 1.300, 0.000, 0.800, 0, 1.500, -2, 4.500, 2, 0, 1, 0.000, 0, 172.600, -4.500, 1.800
8.300, 0, Ego, 171.000, -4.500, 0.000, 0.000, 0.000, 0.000, 20.000, 0.000, 3.047, 1.400, 0.000, 0.900, 0, 1.800, -2, 5.000, 0, 0, 1, 0.000, 0, 171.000, -4.500, 2.000
8.300, 1, A, 174.400, -4.500, 0.000, 0.000, 0.000, 0.000, 18.000, 0.000, 1.914, 1.300, 0.000, 0.800, 0, 1.500, -2, 4.500, 2, 0, 1, 0.000, 0, 174.400, -4.500, 1.800
8.400, 0, Ego, 173.000, -4.500, 0.000, 0.000, 0.000, 0.000, 20.000, 0.000, 2.478, 1.400, 0.000, 0.900, 0, 1.800, -2, 5.000, 0, 0, 1, 0.000, 0, 173.000, -4.500, 2.000
8.400, 1, A, 176.200, -4.500, 0.000, 0.000, 0.000, 0.000, 18.000, 0.000, 0.774, 1.300, 0.000, 0.800, 0, 1.500, -2, 4.500, 2, 0, 1, 0.000, 0, 176.200, -4.500, 1.800
8.500, 0, Ego, 175.000, -4.500, 0.000, 0.000, 0.000, 0.000, 20.000, 0.000, 1.909, 1.400, 0.000, 0.900, 0, 1.800, -2, 5.000, 0, 0, 1, 0.000, 0, 175.000, -4.500, 2.000
8.500, 1, A, 178.000, -4.500, 0.000, 0.000, 0.000, 0.000, 18.000, 0.000, 5.917, 1.300, 0.000, 0.800, 0, 1.500, -2, 4.500, 2, 0, 1, 0.000, 0, 178.000, -4.500, 1.800
8.600, 0, Ego, 177.000, -4.500, 0.000, 0.000, 0.000, 0.000, 20.000, 0.000, 1.340, 1.400, 0.000, 0.900, 0, 1.800, -2, 5.000, 0, 0, 1, 0.000, 0, 177.000, -4.500, 2.000
8.600, 1, A, 179.800, -4.500, 0.000, 0.000, 0.000, 0.000, 18.000, 0.000, 4.776, 1.300, 0.000, 0.800, 0, 1.500, -2, 4.500, 2, 0, 1, 0.000, 0, 179.800, -4.500, 1.800
8.700, 0, Ego, 179.000, -4.500, 0.000, 0.000, 0.000, 0.000, 20.000, 0.000, 0.771, 1.400, 0.000, 0.900, 0, 1.800, -2, 5.000, 0, 0, 1, 0.000, 0, 179.000, -4.500, 2.000
8.700, 1, A, 181.600, -4.500, 0.000, 0.000, 0.000, 0.000, 18.000, 0.000, 3.636, 1.300, 0.000, 0.800, 0, 1.500, -2, 4.500, 2, 0, 1, 0.000, 0, 181.600, -4.500, 1.800
8.800, 0, Ego, 181.000, -4.500, 0.000, 0.000, 0.000, 0.000, 20.000, 0.000, 0.202, 1.400, 0.000, 0.900, 0, 1.800, -2, 5.000, 0, 0, 1, 0.000, 0, 181.000, -4.500, 2.000
8.800, 1, A, 183.400, -4.500, 0.000, 0.000, 0.000, 0.000, 18.000, 0.000, 2.496, 1.300, 0.000, 0.800, 0, 1.500, -2, 4.500, 2, 0, 1, 0.000, 0, 183.400, -4.500, 1.800
8.900, 0, Ego, 183.000, -4.500, 0.000, 0.000, 0.000, 0.000, 20.000, 0.000, 5.917, 1.400, 0.000, 0.900, 0, 1.800, -2, 5.000, 0, 0, 1, 0.000, 0, 183.000, -4.500, 2.000
8.900, 1, A, 185.200, -4.500, 0.000, 0.000, 0.000, 0.000, 18.000, 0.000, 1.355, 1.300, 0.000, 0.800, 0, 1.500, -2, 4.500, 2, 0, 1, 0.000, 0, 185.200, -4.500, 1.800
9.000, 0, Ego, 185.000, -4.500, 0.000, 0.000, 0.000, 0.000, 20.000, 0.000, 5.348, 1.400, 0.000, 0.900, 0, 1.800, -2, 5.000, 0, 0, 1, 0.000, 0, 185.000, -4.500, 2.000
9.000, 1, A, 187.000, -4.500, 0.000, 0.000, 0.000, 0.000, 18.000, 0.000, 0.215, 1.300, 0.000, 0.800, 0, 1.500, -2, 4.500, 2, 0, 1, 0.000, 0, 187.000, -4.500, 1.800
9.100, 0, Ego, 187.000, -4.500, 0.000, 0.000, 0.000, 0.000, 20.000, 0.000, 4.779, 1.400, 0.000, 0.900, 0, 1.800, -2, 5.000, 0, 0, 1, 0.000, 0, 187.000, -4.500, 2.000
9.100, 1, A, 188.800, -4.500, 0.000, 0.000, 0.000, 0.000, 18.000, 0.000, 5.358, 1.300, 0.000, 0.800, 0, 1.500, -2, 4.500, 2, 0, 1, 0.000, 0, 188.800, -4.500, 1.800
9.200, 0, Ego, 189.000, -4.500, 0.000, 0.000, 0.000, 0.000, 20.000, 0.000, 4.210, 1.400, 0.000, 0.900, 0, 1.800, -2, 5.000, 0, 0, 1, 0.000, 0, 189.000, -4.500, 2.000
9.200, 1, A, 190.600, -4.500, 0.000, 0.000, 0.000, 0.000, 18.000, 0.000, 4.217, 1.300, 0.000, 0.800, 0, 1.500, -2, 4.500, 2, 0, 1, 0.000, 0, 190.600, -4.500, 1.800
9.300, 0, Ego, 191.000, -4.500, 0.000, 0.000, 0.000, 0.000, 20.000, 0.000, 3.641, 1.400, 0.000, 0.900, 0, 1.800, -2, 5.000, 0, 0, 1, 0.000, 0, 191.000, -4.500, 2.000
9.300, 1, A, 192.400, -4.500, 0.000, 0.000, 0.000, 0.000, 18.000, 0.000, 3.077, 1.300, 0.000, 0.800, 0, 1.500, -2, 4.500, 2, 0, 1, 0.000, 0, 192.400, -4.500, 1.800
9.400, 0, Ego, 193.000, -4.500, 0.000, 0.000, 0.000, 0.000, 20.000, 0.000, 3.072, 1.400, 0.000, 0.900, 0, 1.800, -2, 5.000, 0, 0, 1, 0.000, 0, 193.000, -4.500, 2.000
9.400, 1, A, 194.200, -4.500, 0.000, 0.000, 0.000, 0.000, 18.000, 0.000, 1.937, 1.300, 0.000, 0.800, 0, 1.500, -2, 4.500, 2, 0, 1, 0.000, 0, 194.200, -4.500, 1.800
9.500, 0, Ego, 195.000, -4.500, 0.000, 0.000, 0.000, 0.000, 20.000, 0.000, 2.503, 1.400, 0.000, 0.900, 0, 1.800, -2, 5.000, 0, 0, 1, 0.000, 0, 195.000, -4.500, 2.000
9.500, 1, A, 196.000, -4.500, 0.000, 0.000, 0.000, 0.000, 18.000, 0.000, 0.797, 1.300, 0.000, 0.800, 0, 1.500, -2, 4.500, 2, 0, 1, 0.000, 0, 196.000, -4.500, 1.800
9.600, 0, Ego, 197.000, -4.500, 0.000, 0.000, 0.000, 0.000, 20.000, 0.000, 1.934, 1.400, 0.000, 0.900, 0, 1.800, -2, 5.000, 0, 0, 1, 0.000, 0, 197.000, -4.500, 2.000
9.600, 1, A, 197.800, -4.500, 0.000, 0.000, 0.000, 0.000, 18.000, 0.000, 5.939, 1.300, 0.000, 0.800, 0, 1.500, -2, 4.500, 2, 0, 1, 0.000, 0, 197.800, -4.500, 1.800
9.700, 0, Ego, 199.000, -4.500, 0.000, 0.000, 0.000, 0.000, 20.000, 0.000, 1.365, 1.400, 0.000, 0.900, 0, 1.800, -2, 5.000, 0, 0, 1, 0.000, 0, 199.000, -4.500, 2.000
9.700, 1, A, 199.600, -4.500, 0.000, 0.000, 0.000, 0.000, 18.000, 0.000, 4.799, 1.300, 0.000, 0.800, 0, 1.500, -2, 4.500, 2, 0, 1, 0.000, 0, 199.600, -4.500, 1.800
9.800, 0, Ego, 201.000, -4.500, 0.000, 0.000, 0.000, 0.000, 20.000, 0.000, 0.797, 1.400, 0.000, 0.900, 0, 1.800, -2, 5.000, 0, 0, 1, 0.000, 0, 201.000, -4.500, 2.000
9.800, 1, A, 201.400, -4.500, 0.000, 0.000, 0.000, 0.000, 18.000, 0.000, 3.659, 1.300, 0.000, 0.800, 0, 1.500, -2, 4.500, 2, 0, 1, 0.000, 0, 201.400, -4.500, 1.800
9.900, 0, Ego, 203.000, -4.500, 0.000, 0.000, 0.000, 0.000, 20.000, 0.000, 0.228, 1.400, 0.000, 0.900, 0, 1.800, -2, 5.000, 0, 0, 1, 0.000, 0, 203.000, -4.500, 2.000
9.900, 1, A, 203.200, -4.500, 0.000, 0.000, 0.000, 0.000, 18.000, 0.000, 2.518, 1.300, 0.000, 0.800, 0, 1.500, -2, 4.500, 2, 0, 1, 0.000, 0, 203.200, -4.500, 1.800
