Version: 1 OpenDRIVE: ..\xodr\_cut_in0.xodr, 3DModel: 
time, id, name, x, y, z, h, p, r, speed, wheel_angle, wheel_rot, centerOffsetX, centerOffsetY, centerOffsetZ, ctrl_type, height, laneId, length, model_id, obj_category, obj_type, offset, roadId, s, t, width
0.000, 0, Ego, 10.000, -4.500, 0.000, 0.000, 0.000, 0.000, 30.000, 0.000, 0.000, 1.400, 0.000, 0.900, 0, 1.800, -2, 5.000, 0, 0, 1, 0.000, 0, 10.000, -4.500, 2.000
0.000, 1, A, -0.000, -7.500, 0.000, 0.000, 0.000, 0.000, 42.000, 0.000, 0.000, 1.300, 0.000, 0.800, 0, 1.500, -3, 4.500, 2, 0, 1, 0.000, 0, 0.000, -7.500, 1.800
0.100, 0, Ego, 13.000, -4.500, 0.000, 0.000, 0.000, 0.000, 30.000, 0.000, 2.288, 1.400, 0.000, 0.900, 0, 1.800, -2, 5.000, 0, 0, 1, 0.000, 0, 13.000, -4.500, 2.000
0.100, 1, A, 4.200, -7.500, 0.000, 0.000, 0.000, 0.000, 42.000, 0.000, 5.717, 1.300, 0.000, 0.800, 0, 1.500, -3, 4.500, 2, 0, 1, 0.000, 0, 4.200, -7.500, 1.800
0.200, 0, Ego, 16.000, -4.500, 0.000, 0.000, 0.000, 0.000, 30.000, 0.000, 4.576, 1.400, 0.000, 0.900, 0, 1.800, -2, 5.000, 0, 0, 1, 0.000, 0, 16.000, -4.500, 2.000
0.200, 1, A, 8.400, -7.500, 0.000, 0.000, 0.000, 0.000, 42.000, 0.000, 5.150, 1.300, 0.000, 0.800, 0, 1.500, -3, 4.500, 2, 0, 1, 0.000, 0, 8.400, -7.500, 1.800
0.300, 0, Ego, 19.000, -4.500, 0.000, 0.000, 0.000, 0.000, 30.000, 0.000, 0.582, 1.400, 0.000, 0.900, 0, 1.800, -2, 5.000, 0, 0, 1, 0.000, 0, 19.000, -4.500, 2.000
0.300, 1, A, 12.600, -7.500, 0.000, 0.000, 0.000, 0.000, 42.000, 0.000, 4.584, 1.300, 0.000, 0.800, 0, 1.500, -3, 4.500, 2, 0, 1, 0.000, 0, 12.600, -7.500, 1.800
0.400, 0, Ego, 22.000, -4.500, 0.000, 0.000, 0.000, 0.000, 30.000, 0.000, 2.870, 1.400, 0.000, 0.900, 0, 1.800, -2, 5.000, 0, 0, 1, 0.000, 0, 22.000, -4.500, 2.000
0.400, 1, A, 16.800, -7.500, 0.000, 0.000, 0.000, 0.000, 42.000, 0.000, 4.018, 1.300, 0.000, 0.800, 0, 1.500, -3, 4.500, 2, 0, 1, 0.000, 0, 16.800, -7.500, 1.800
0.500, 0, Ego, 25.000, -4.500, 0.000, 0.000, 0.000, 0.000, 30.000, 0.000, 5.158, 1.400, 0.000, 0.900, 0, 1.800, -2, 5.000, 0, 0, 1, 0.000, 0, 25.000, -4.500, 2.000
0.500, 1, A, 21.000, -7.500, 0.000, 0.000, 0.000, 0.000, 42.000, 0.000, 3.451, 1.300, 0.000, 0.800, 0, 1.500, -3, 4.500, 2, 0, 1, 0.000, 0, 21.000, -7.500, 1.800
0.600, 0, Ego, 28.000, -4.500, 0.000, 0.000, 0.000, 0.000, 30.000, 0.000, 1.163, 1.400, 0.000, 0.900, 0, 1.800, -2, 5.000, 0, 0, 1, 0.000, 0, 28.000, -4.500, 2.000
0.600, 1, A, 25.200, -7.500, 0.000, 0.000, 0.000, 0.000, 42.000, 0.000, 2.885, 1.300, 0.000, 0.800, 0, 1.500, -3, 4.500, 2, 0, 1, 0.000, 0, 25.200, -7.500, 1.800
0.700, 0, Ego, 31.000, -4.500, 0.000, 0.000, 0.000, 0.000, 30.000, 0.000, 3.451, 1.400, 0.000, 0.900, 0, 1.800, -2, 5.000, 0, 0, 1, 0.000, 0, 31.000, -4.500, 2.000
0.700, 1, A, 29.400, -7.500, 0.000, 0.000, 0.000, 0.000, 42.000, 0.000, 2.319, 1.300, 0.000, 0.800, 0, 1.500, -3, 4.500, 2, 0, 1, 0.000, 0, 29.400, -7.500, 1.800
0.800, 0, Ego, 34.000, -4.500, 0.000, 0.000, 0.000, 0.000, 30.000, 0.000, 5.740, 1.400, 0.000, 0.900, 0, 1.800, -2, 5.000, 0, 0, 1, 0.000, 0, 34.000, -4.500, 2.000
0.800, 1, A, 33.600, -7.500, 0.000, 0.000, 0.000, 0.000, 42.000, 0.000, 1.752, 1.300, 0.000, 0.800, 0, 1.500, -3, 4.500, 2, 0, 1, 0.000, 0, 33.600, -7.500, 1.800
0.900, 0, Ego, 37.000, -4.500, 0.000, 0.000, 0.000, 0.000, 30.000, 0.000, 1.745, 1.400, 0.000, 0.900, 0, 1.800, -2, 5.000, 0, 0, 1, 0.000, 0, 37.000, -4.500, 2.000
0.900, 1, A, 37.800, -7.500, 0.000, 0.000, 0.000, 0.000, 42.000, 0.000, 1.186, 1.300, 0.000, 0.800, 0, 1.500, -3, 4.500, 2, 0, 1, 0.000, 0, 37.800, -7.500, 1.800
1.000, 0, Ego, 40.000, -4.500, 0.000, 0.000, 0.000, 0.000, 30.000, 0.000, 4.033, 1.400, 0.000, 0.900, 0, 1.800, -2, 5.000, 0, 0, 1, 0.000, 0, 40.000, -4.500, 2.000
1.000, 1, A, 42.000, -7.500, 0.000, 0.000, 0.000, 0.000, 42.000, 0.000, 0.619, 1.300, 0.000, 0.800, 0, 1.500, -3, 4.500, 2, 0, 1, 0.000, 0, 42.000, -7.500, 1.800
1.100, 0, Ego, 43.000, -4.500, 0.000, 0.000, 0.000, 0.000, 30.000, 0.000, 0.038, 1.400, 0.000, 0.900, 0, 1.800, -2, 5.000, 0, 0, 1, 0.000, 0, 43.000, -4.500, 2.000
1.100, 1, A, 46.200, -7.500, 0.000, 0.000, 0.000, 0.000, 42.000, 0.000, 0.053, 1.300, 0.000, 0.800, 0, 1.500, -3, 4.500, 2, 0, 1, 0.000, 0, 46.200, -7.500, 1.800
1.200, 0, Ego, 46.000, -4.500, 0.000, 0.000, 0.000, 0.000, 30.000, 0.000, 2.326, 1.400, 0.000, 0.900, 0, 1.800, -2, 5.000, 0, 0, 1, 0.000, 0, 46.000, -4.500, 2.000
1.200, 1, A, 50.400, -7.500, 0.000, 0.000, 0.000, 0.000, 42.000, 0.000, 5.770, 1.300, 0.000, 0.800, 0, 1.500, -3, 4.500, 2, 0, 1, 0.000, 0, 50.400, -7.500, 1.800
1.300, 0, Ego, 49.000, -4.500, 0.000, 0.000, 0.000, 0.000, 30.000, 0.000, 4.614, 1.400, 0.000, 0.900, 0, 1.800, -2, 5.000, 0, 0, 1, 0.000, 0, 49.000, -4.500, 2.000
1.300, 1, A, 54.600, -7.500, 0.000, 0.000, 0.000, 0.000, 42.000, 0.000, 5.204, 1.300, 0.000, 0.800, 0, 1.500, -3, 4.500, 2, 0, 1, 0.000, 0, 54.600, -7.500, 1.800
1.400, 0, Ego, 52.000, -4.500, 0.000, 0.000, 0.000, 0.000, 30.000, 0.000, 0.619, 1.400, 0.000, 0.900, 0, 1.800, -2, 5.000, 0, 0, 1, 0.000, 0, 52.000, -4.500, 2.000
1.400, 1, A, 58.800, -7.500, 0.000, 0.000, 0.000, 0.000, 42.000, 0.000, 4.637, 1.300, 0.000, 0.800, 0, 1.500, -3, 4.500, 2, 0, 1, 0.000, 0, 58.800, -7.500, 1.800
1.500, 0, Ego, 55.000, -4.500, 0.000, 0.000, 0.000, 0.000, 30.000, 0.000, 2.908, 1.400, 0.000, 0.900, 0, 1.800, -2, 5.000, 0, 0, 1, 0.000, 0, 55.000, -4.500, 2.000
1.500, 1, A, 63.000, -7.500, 0.000, 0.000, 0.000, 0.000, 42.000, 0.000, 4.071, 1.300, 0.000, 0.800, 0, 1.500, -3, 4.500, 2, 0, 1, 0.000, 0, 63.000, -7.500, 1.800
1.600, 0, Ego, 58.000, -4.500, 0.000, 0.000, 0.000, 0.000, 30.000, 0.000, 5.196, 1.400, 0.000, 0.900, 0, 1.800, -2, 5.000, 0, 0, 1, 0.000, 0, 58.000, -4.500, 2.000
1.600, 1, A, 67.200, -7.500, 0.000, 0.000, 0.000, 0.000, 42.000, 0.000, 3.504, 1.300, 0.000, 0.800, 0, 1.500, -3, 4.500, 2, 0, 1, 0.000, 0, 67.200, -7.500, 1.800
1.700, 0, Ego, 61.000, -4.500, 0.000, 0.000, 0.000, 0.000, 30.000, 0.000, 1.201, 1.400, 0.000, 0.900, 0, 1.800, -2, 5.000, 0, 0, 1, 0.000, 0, 61.000, -4.500, 2.000
1.700, 1, A, 71.314, -7.483, 0.000, 0.004, 0.000, 0.000, 41.143, 0.000, 2.693, 1.300, 0.000, 0.800, 0, 1.500, -3, 4.500, 2, 0, 1, 0.017, 0, 71.314, -7.483, 1.800
1.800, 0, Ego, 64.000, -4.500, 0.000, 0.000, 0.000, 0.000, 30.000, 0.000, 3.489, 1.400, 0.000, 0.900, 0, 1.800, -2, 5.000, 0, 0, 1, 0.000, 0, 64.000, -4.500, 2.000
1.800, 1, A, 75.343, -7.433, 0.000, 0.012, 0.000, 0.000, 40.286, 0.000, 1.637, 1.300, 0.000, 0.800, 0, 1.500, -3, 4.500, 2, 0, 1, 0.067, 0, 75.343, -7.433, 1.800
1.900, 0, Ego, 67.000, -4.500, 0.000, 0.000, 0.000, 0.000, 30.000, 0.000, 5.778, 1.400, 0.000, 0.900, 0, 1.800, -2, 5.000, 0, 0, 1, 0.000, 0, 67.000, -4.500, 2.000
1.900, 1, A, 79.286, -7.351, 0.000, 0.020, 0.000, 0.000, 39.429, 0.000, 0.336, 1.300, 0.000, 0.800, 0, 1.500, -3, 4.500, 2, 0, 1, 0.149, 0, 79.286, -7.351, 1.800
2.000, 0, Ego, 70.000, -4.500, 0.000, 0.000, 0.000, 0.000, 30.000, 0.000, 1.783, 1.400, 0.000, 0.900, 0, 1.800, -2, 5.000, 0, 0, 1, 0.000, 0, 70.000, -4.500, 2.000
2.000, 1, A, 83.143, -7.239, 0.000, 0.028, 0.000, 0.000, 38.571, 0.000, 5.073, 1.300, 0.000, 0.800, 0, 1.500, -3, 4.500, 2, 0, 1, 0.261, 0, 83.143, -7.239, 1.800
2.100, 0, Ego, 73.000, -4.500, 0.000, 0.000, 0.000, 0.000, 30.000, 0.000, 4.071, 1.400, 0.000, 0.900, 0, 1.800, -2, 5.000, 0, 0, 1, 0.000, 0, 73.000, -4.500, 2.000
2.100, 1, A, 86.914, -7.100, 0.000, 0.036, 0.000, 0.000, 37.714, 0.000, 3.282, 1.300, 0.000, 0.800, 0, 1.500, -3, 4.500, 2, 0, 1, 0.400, 0, 86.914, -7.100, 1.800
2.200, 0, Ego, 76.000, -4.500, 0.000, 0.000, 0.000, 0.000, 30.000, 0.000, 0.076, 1.400, 0.000, 0.900, 0, 1.800, -2, 5.000, 0, 0, 1, 0.000, 0, 76.000, -4.500, 2.000
2.200, 1, A, 90.600, -6.935, 0.000, 0.044, 0.000, 0.000, 36.857, 0.000, 1.247, 1.300, 0.000, 0.800, 0, 1.500, -3, 4.500, 2, 0, 1, 0.565, 0, 90.600, -6.935, 1.800
2.300, 0, Ego, 79.000, -4.500, 0.000, 0.000, 0.000, 0.000, 30.000, 0.000, 2.364, 1.400, 0.000, 0.900, 0, 1.800, -2, 5.000, 0, 0, 1, 0.000, 0, 79.000, -4.500, 2.000
2.300, 1, A, 94.200, -6.750, 0.000, 0.050, 0.000, 0.000, 36.000, 0.000, 5.249, 1.300, 0.000, 0.800, 0, 1.500, -3, 4.500, 2, 0, 1, 0.750, 0, 94.200, -6.750, 1.800
2.400, 0, Ego, 82.000, -4.500, 0.000, 0.000, 0.000, 0.000, 30.000, 0.000, 4.652, 1.400, 0.000, 0.900, 0, 1.800, -2, 5.000, 0, 0, 1, 0.000, 0, 82.000, -4.500, 2.000
2.400, 1, A, 97.714, -6.548, 0.000, 0.056, 0.000, 0.000, 35.143, 0.000, 2.724, 1.300, 0.000, 0.800, 0, 1.500, -3, 4.500, 2, 0, 1, 0.952, 0, 97.714, -6.548, 1.800
2.500, 0, Ego, 85.000, -4.500, 0.000, 0.000, 0.000, 0.000, 30.000, 0.000, 0.657, 1.400, 0.000, 0.900, 0, 1.800, -2, 5.000, 0, 0, 1, 0.000, 0, 85.000, -4.500, 2.000
2.500, 1, A, 101.143, -6.334, 0.000, 0.061, 0.000, 0.000, 34.286, 0.000, 6.236, 1.300, 0.000, 0.800, 0, 1.500, -3, 4.500, 2, 0, 1, 1.166, 0, 101.143, -6.334, 1.800
2.600, 0, Ego, 88.000, -4.500, 0.000, 0.000, 0.000, 0.000, 30.000, 0.000, 2.946, 1.400, 0.000, 0.900, 0, 1.800, -2, 5.000, 0, 0, 1, 0.000, 0, 88.000, -4.500, 2.000
2.600, 1, A, 104.486, -6.112, 0.000, 0.065, 0.000, 0.000, 33.429, 0.000, 3.221, 1.300, 0.000, 0.800, 0, 1.500, -3, 4.500, 2, 0, 1, 1.388, 0, 104.486, -6.112, 1.800
2.700, 0, Ego, 91.000, -4.500, 0.000, 0.000, 0.000, 0.000, 30.000, 0.000, 5.234, 1.400, 0.000, 0.900, 0, 1.800, -2, 5.000, 0, 0, 1, 0.000, 0, 91.000, -4.500, 2.000
2.700, 1, A, 107.743, -5.888, 0.000, 0.067, 0.000, 0.000, 32.571, 0.000, 6.244, 1.300, 0.000, 0.800, 0, 1.500, -2, 4.500, 2, 0, 1, -1.388, 0, 107.743, -5.888, 1.800
2.800, 0, Ego, 94.000, -4.500, 0.000, 0.000, 0.000, 0.000, 30.000, 0.000, 1.239, 1.400, 0.000, 0.900, 0, 1.800, -2, 5.000, 0, 0, 1, 0.000, 0, 94.000, -4.500, 2.000
2.800, 1, A, 110.914, -5.666, 0.000, 0.068, 0.000, 0.000, 31.714, 0.000, 2.739, 1.300, 0.000, 0.800, 0, 1.500, -2, 4.500, 2, 0, 1, -1.166, 0, 110.914, -5.666, 1.800
2.900, 0, Ego, 97.000, -4.500, 0.000, 0.000, 0.000, 0.000, 30.000, 0.000, 3.527, 1.400, 0.000, 0.900, 0, 1.800, -2, 5.000, 0, 0, 1, 0.000, 0, 97.000, -4.500, 2.000
2.900, 1, A, 114.000, -5.452, 0.000, 0.067, 0.000, 0.000, 30.857, 0.000, 5.272, 1.300, 0.000, 0.800, 0, 1.500, -2, 4.500, 2, 0, 1, -0.952, 0, 114.000, -5.452, 1.800
3.000, 0, Ego, 100.000, -4.500, 0.000, 0.000, 0.000, 0.000, 30.000, 0.000, 5.815, 1.400, 0.000, 0.900, 0, 1.800, -2, 5.000, 0, 0, 1, 0.000, 0, 100.000, -4.500, 2.000
3.000, 1, A, 117.000, -5.250, 0.000, 0.065, 0.000, 0.000, 30.000, 0.000, 1.277, 1.300, 0.000, 0.800, 0, 1.500, -2, 4.500, 2, 0, 1, -0.750, 0, 117.000, -5.250, 1.800
3.100, 0, Ego, 103.000, -4.500, 0.000, 0.000, 0.000, 0.000, 30.000, 0.000, 1.821, 1.400, 0.000, 0.900, 0, 1.800, -2, 5.000, 0, 0, 1, 0.000, 0, 103.000, -4.500, 2.000
3.100, 1, A, 119.914, -5.065, 0.000, 0.062, 0.000, 0.000, 29.143, 0.000, 3.320, 1.300, 0.000, 0.800, 0, 1.500, -2, 4.500, 2, 0, 1, -0.565, 0, 119.914, -5.065, 1.800
3.200, 0, Ego, 106.000, -4.500, 0.000, 0.000, 0.000, 0.000, 30.000, 0.000, 4.109, 1.400, 0.000, 0.900, 0, 1.800, -2, 5.000, 0, 0, 1, 0.000, 0, 106.000, -4.500, 2.000
3.200, 1, A, 122.743, -4.900, 0.000, 0.056, 0.000, 0.000, 28.286, 0.000, 5.119, 1.300, 0.000, 0.800, 0, 1.500, -2, 4.500, 2, 0, 1, -0.400, 0, 122.743, -4.900, 1.800
3.300, 0, Ego, 109.000, -4.500, 0.000, 0.000, 0.000, 0.000, 30.000, 0.000, 0.114, 1.400, 0.000, 0.900, 0, 1.800, -2, 5.000, 0, 0, 1, 0.000, 0, 109.000, -4.500, 2.000
3.300, 1, A, 125.486, -4.761, 0.000, 0.049, 0.000, 0.000, 27.429, 0.000, 0.389, 1.300, 0.000, 0.800, 0, 1.500, -2, 4.500, 2, 0, 1, -0.261, 0, 125.486, -4.761, 1.800
3.400, 0, Ego, 112.000, -4.500, 0.000, 0.000, 0.000, 0.000, 30.000, 0.000, 2.402, 1.400, 0.000, 0.900, 0, 1.800, -2, 5.000, 0, 0, 1, 0.000, 0, 112.000, -4.500, 2.000
3.400, 1, A, 128.143, -4.649, 0.000, 0.041, 0.000, 0.000, 26.571, 0.000, 1.698, 1.300, 0.000, 0.800, 0, 1.500, -2, 4.500, 2, 0, 1, -0.149, 0, 128.143, -4.649, 1.800
3.500, 0, Ego, 115.000, -4.500, 0.000, 0.000, 0.000, 0.000, 30.000, 0.000, 4.690, 1.400, 0.000, 0.900, 0, 1.800, -2, 5.000, 0, 0, 1, 0.000, 0, 115.000, -4.500, 2.000
3.500, 1, A, 130.714, -4.567, 0.000, 0.031, 0.000, 0.000, 25.714, 0.000, 2.761, 1.300, 0.000, 0.800, 0, 1.500, -2, 4.500, 2, 0, 1, -0.067, 0, 130.714, -4.567, 1.800
3.600, 0, Ego, 118.000, -4.500, 0.000, 0.000, 0.000, 0.000, 30.000, 0.000, 0.695, 1.400, 0.000, 0.900, 0, 1.800, -2, 5.000, 0, 0, 1, 0.000, 0, 118.000, -4.500, 2.000
3.600, 1, A, 133.200, -4.517, 0.000, 0.019, 0.000, 0.000, 24.857, 0.000, 3.580, 1.300, 0.000, 0.800, 0, 1.500, -2, 4.500, 2, 0, 1, -0.017, 0, 133.200, -4.517, 1.800
3.700, 0, Ego, 121.000, -4.500, 0.000, 0.000, 0.000, 0.000, 30.000, 0.000, 2.984, 1.400, 0.000, 0.900, 0, 1.800, -2, 5.000, 0, 0, 1, 0.000, 0, 121.000, -4.500, 2.000
3.700, 1, A, 135.600, -4.500, 0.000, 0.000, 0.000, 0.000, 24.000, 0.000, 4.154, 1.300, 0.000, 0.800, 0, 1.500, -2, 4.500, 2, 0, 1, 0.000, 0, 135.600, -4.500, 1.800
3.800, 0, Ego, 124.000, -4.500, 0.000, 0.000, 0.000, 0.000, 30.000, 0.000, 5.272, 1.400, 0.000, 0.900, 0, 1.800, -2, 5.000, 0, 0, 1, 0.000, 0, 124.000, -4.500, 2.000
3.800, 1, A, 138.000, -4.500, 0.000, 0.000, 0.000, 0.000, 24.000, 0.000, 4.728, 1.300, 0.000, 0.800, 0, 1.500, -2, 4.500, 2, 0, 1, 0.000, 0, 138.000, -4.500, 1.800
3.900, 0, Ego, 127.000, -4.500, 0.000, 0.000, 0.000, 0.000, 30.000, 0.000, 1.277, 1.400, 0.000, 0.900, 0, 1.800, -2, 5.000, 0, 0, 1, 0.000, 0, 127.000, -4.500, 2.000
3.900, 1, A, 140.400, -4.500, 0.000, 0.000, 0.000, 0.000, 24.000, 0.000, 5.302, 1.300, 0.000, 0.800, 0, 1.500, -2, 4.500, 2, 0, 1, 0.000, 0, 140.400, -4.500, 1.800
4.000, 0, Ego, 130.000, -4.500, 0.000, 0.000, 0.000, 0.000, 30.000, 0.000, 3.565, 1.400, 0.000, 0.900, 0, 1.800, -2, 5.000, 0, 0, 1, 0.000, 0, 130.000, -4.500, 2.000
4.000, 1, A, 142.800, -4.500, 0.000, 0.000, 0.000, 0.000, 24.000, 0.000, 5.876, 1.300, 0.000, 0.800, 0, 1.500, -2, 4.500, 2, 0, 1, 0.000, 0, 142.800, -4.500, 1.800
4.100, 0, Ego, 133.000, -4.500, 0.000, 0.000, 0.000, 0.000, 30.000, 0.000, 5.853, 1.400, 0.000, 0.900, 0, 1.800, -2, 5.000, 0, 0, 1, 0.000, 0, 133.000, -4.500, 2.000
4.100, 1, A, 145.200, -4.500, 0.000, 0.000, 0.000, 0.000, 24.000, 0.000, 0.167, 1.300, 0.000, 0.800, 0, 1.500, -2, 4.500, 2, 0, 1, 0.000, 0, 145.200, -4.500, 1.800
4.200, 0, Ego, 136.000, -4.500, 0.000, 0.000, 0.000, 0.000, 30.000, 0.000, 1.858, 1.400, 0.000, 0.900, 0, 1.800, -2, 5.000, 0, 0, 1, 0.000, 0, 136.000, -4.500, 2.000
4.200, 1, A, 147.600, -4.500, 0.000, 0.000, 0.000, 0.000, 24.000, 0.000, 0.741, 1.300, 0.000, 0.800, 0, 1.500, -2, 4.500, 2, 0, 1, 0.000, 0, 147.600, -4.500, 1.800
4.300, 0, Ego, 139.000, -4.500, 0.000, 0.000, 0.000, 0.000, 30.000, 0.000, 4.147, 1.400, 0.000, 0.900, 0, 1.800, -2, 5.000, 0, 0, 1, 0.000, 0, 139.000, -4.500, 2.000
4.300, 1, A, 150.000, -4.500, 0.000, 0.000, 0.000, 0.000, 24.000, 0.000, 1.315, 1.300, 0.000, 0.800, 0, 1.500, -2, 4.500, 2, 0, 1, 0.000, 0, 150.000, -4.500, 1.800
4.400, 0, Ego, 142.000, -4.500, 0.000, 0.000, 0.000, 0.000, 30.000, 0.000, 0.152, 1.400, 0.000, 0.900, 0, 1.800, -2, 5.000, 0, 0, 1, 0.000, 0, 142.000, -4.500, 2.000
4.400, 1, A, 152.400, -4.500, 0.000, 0.000, 0.000, 0.000, 24.000, 0.000, 1.889, 1.300, 0.000, 0.800, 0, 1.500, -2, 4.500, 2, 0, 1, 0.000, 0, 152.400, -4.500, 1.800
4.500, 0, Ego, 145.000, -4.500, 0.000, 0.000, 0.000, 0.000, 30.000, 0.000, 2.440, 1.400, 0.000, 0.900, 0, 1.800, -2, 5.000, 0, 0, 1, 0.000, 0, 145.000, -4.500, 2.000
4.500, 1, A, 154.800, -4.500, 0.000, 0.000, 0.000, 0.000, 24.000, 0.000, 2.463, 1.300, 0.000, 0.800, 0, 1.500, -2, 4.500, 2, 0, 1, 0.000, 0, 154.800, -4.500, 1.800
4.600, 0, Ego, 148.000, -4.500, 0.000, 0.000, 0.000, 0.000, 30.000, 0.000, 4.728, 1.400, 0.000, 0.900, 0, 1.800, -2, 5.000, 0, 0, 1, 0.000, 0, 148.000, -4.500, 2.000
4.600, 1, A, 157.200, -4.500, 0.000, 0.000, 0.000, 0.000, 24.000, 0.000, 3.037, 1.300, 0.000, 0.800, 0, 1.500, -2, 4.500, 2, 0, 1, 0.000, 0, 157.200, -4.500, 1.800
4.700, 0, Ego, 151.000, -4.500, 0.000, 0.000, 0.000, 0.000, 30.000, 0.000, 0.733, 1.400, 0.000, 0.900, 0, 1.800, -2, 5.000, 0, 0, 1, 0.000, 0, 151.000, -4.500, 2.000
4.700, 1, A, 159.600, -4.500, 0.000, 0.000, 0.000, 0.000, 24.000, 0.000, 3.611, 1.300, 0.000, 0.800, 0, 1.500, -2, 4.500, 2, 0, 1, 0.000, 0, 159.600, -4.500, 1.800
4.800, 0, Ego, 154.000, -4.500, 0.000, 0.000, 0.000, 0.000, 30.000, 0.000, 3.022, 1.400, 0.000, 0.900, 0, 1.800, -2, 5.000, 0, 0, 1, 0.000, 0, 154.000, -4.500, 2.000
4.800, 1, A, 162.000, -4.500, 0.000, 0.000, 0.000, 0.000, 24.000, 0.000, 4.185, 1.300, 0.000, 0.800, 0, 1.500, -2, 4.500, 2, 0, 1, 0.000, 0, 162.000, -4.500, 1.800
4.900, 0, Ego, 157.000, -4.500, 0.000, 0.000, 0.000, 0.000, 30.000, 0.000, 5.310, 1.400, 0.000, 0.900, 0, 1.800, -2, 5.000, 0, 0, 1, 0.000, 0, 157.000, -4.500, 2.000
4.900, 1, A, 164.400, -4.500, 0.000, 0.000, 0.000, 0.000, 24.000, 0.000, 4.759, 1.300, 0.000, 0.800, 0, 1.500, -2, 4.500, 2, 0, 1, 0.000, 0, 164.400, -4.500, 1.800
5.000, 0, Ego, 160.000, -4.500, 0.000, 0.000, 0.000, 0.000, 30.000, 0.000, 1.315, 1.400, 0.000, 0.900, 0, 1.800, -2, 5.000, 0, 0, 1, 0.000, 0, 160.000, -4.500, 2.000
5.000, 1, A, 166.800, -4.500, 0.000, 0.000, 0.000, 0.000, 24.000, 0.000, 5.333, 1.300, 0.000, 0.800, 0, 1.500, -2, 4.500, 2, 0, 1, 0.000, 0, 166.800, -4.500, 1.800
5.100, 0, Ego, 163.000, -4.500, 0.000, 0.000, 0.000, 0.000, 30.000, 0.000, 3.603, 1.400, 0.000, 0.900, 0, 1.800, -2, 5.000, 0, 0, 1, 0.000, 0, 163.000, -4.500, 2.000
5.100, 1, A, 169.200, -4.500, 0.000, 0.000, 0.000, 0.000, 24.000, 0.000, 5.906, 1.300, 0.000, 0.800, 0, 1.500, -2, 4.500, 2, 0, 1, 0.000, 0, 169.200, -4.500, 1.800
5.200, 0, Ego, 166.000, -4.500, 0.000, 0.000, 0.000, 0.000, 30.000, 0.000, 5.891, 1.400, 0.000, 0.900, 0, 1.800, -2, 5.000, 0, 0, 1, 0.000, 0, 166.000, -4.500, 2.000
5.200, 1, A, 171.600, -4.500, 0.000, 0.000, 0.000, 0.000, 24.000, 0.000, 0.197, 1.300, 0.000, 0.800, 0, 1.500, -2, 4.500, 2, 0, 1, 0.000, 0, 171.600, -4.500, 1.800
5.300, 0, Ego, 169.000, -4.500, 0.000, 0.000, 0.000, 0.000, 30.000, 0.000, 1.896, 1.400, 0.000, 0.900, 0, 1.800, -2, 5.000, 0, 0, 1, 0.000, 0, 169.000, -4.500, 2.000
5.300, 1, A, 174.000, -4.500, 0.000, 0.000, 0.000, 0.000, 24.000, 0.000, 0.771, 1.300, 0.000, 0.800, 0, 1.500, -2, 4.500, 2, 0, 1, 0.000, 0, 174.000, -4.500, 1.800
5.400, 0, Ego, 172.000, -4.500, 0.000, 0.000, 0.000, 0.000, 30.000, 0.000, 4.185, 1.400, 0.000, 0.900, 0, 1.800, -2, 5.000, 0, 0, 1, 0.000, 0, 172.000, -4.500, 2.000
5.400, 1, A, 176.400, -4.500, 0.000, 0.000, 0.000, 0.000, 24.000, 0.000, 1.345, 1.300, 0.000, 0.800, 0, 1.500, -2, 4.500, 2, 0, 1, 0.000, 0, 176.400, -4.500, 1.800
5.500, 0, Ego, 175.000, -4.500, 0.000, 0.000, 0.000, 0.000, 30.000, 0.000, 0.190, 1.400, 0.000, 0.900, 0, 1.800, -2, 5.000, 0, 0, 1, 0.000, 0, 175.000, -4.500, 2.000
5.500, 1, A, 178.800, -4.500, 0.000, 0.000, 0.000, 0.000, 24.000, 0.000, 1.919, 1.300, 0.000, 0.800, 0, 1.500, -2, 4.500, 2, 0, 1, 0.000, 0, 178.800, -4.500, 1.800
5.600, 0, Ego, 178.000, -4.500, 0.000, 0.000, 0.000, 0.000, 30.000, 0.000, 2.478, 1.400, 0.000, 0.900, 0, 1.800, -2, 5.000, 0, 0, 1, 0.000, 0, 178.000, -4.500, 2.000
5.600, 1, A, 181.200, -4.500, 0.000, 0.000, 0.000, 0.000, 24.000, 0.000, 2.493, 1.300, 0.000, 0.800, 0, 1.500, -2, 4.500, 2, 0, 1, 0.000, 0, 181.200, -4.500, 1.800
5.700, 0, Ego, 181.000, -4.500, 0.000, 0.000, 0.000, 0.000, 30.000, 0.000, 4.766, 1.400, 0.000, 0.900, 0, 1.800, -2, 5.000, 0, 0, 1, 0.000, 0, 181.000, -4.500, 2.000
5.700, 1, A, 183.600, -4.500, 0.000, 0.000, 0.000, 0.000, 24.000, 0.000, 3.067, 1.300, 0.000, 0.800, 0, 1.500, -2, 4.500, 2, 0, 1, 0.000, 0, 183.600, -4.500, 1.800
5.800, 0, Ego, 184.000, -4.500, 0.000, 0.000, 0.000, 0.000, 30.000, 0.000, 0.771, 1.400, 0.000, 0.900, 0, 1.800, -2, 5.000, 0, 0, 1, 0.000, 0, 184.000, -4.500, 2.000
5.800, 1, A, 186.000, -4.500, 0.000, 0.000, 0.000, 0.000, 24.000, 0.000, 3.641, 1.300, 0.000, 0.800, 0, 1.500, -2, 4.500, 2, 0, 1, 0.000, 0, 186.000, -4.500, 1.800
5.900, 0, Ego, 187.000, -4.500, 0.000, 0.000, 0.000, 0.000, 30.000, 0.000, 3.059, 1.400, 0.000, 0.900, 0, 1.800, -2, 5.000, 0, 0, 1, 0.000, 0, 187.000, -4.500, 2.000
5.900, 1, A, 188.400, -4.500, 0.000, 0.000, 0.000, 0.000, 24.000, 0.000, 4.215, 1.300, 0.000, 0.800, 0, 1.500, -2, 4.500, 2, 0, 1, 0.000, 0, 188.400, -4.500, 1.800
6.000, 0, Ego, 190.000, -4.500, 0.000, 0.000, 0.000, 0.000, 30.000, 0.000, 5.348, 1.400, 0.000, 0.900, 0, 1.800, -2, 5.000, 0, 0, 1, 0.000, 0, 190.000, -4.500, 2.000
6.000, 1, A, 190.800, -4.500, 0.000, 0.000, 0.000, 0.000, 24.000, 0.000, 4.789, 1.300, 0.000, 0.800, 0, 1.500, -2, 4.500, 2, 0, 1, 0.000, 0, 190.800, -4.500, 1.800
6.100, 0, Ego, 193.000, -4.500, 0.000, 0.000, 0.000, 0.000, 30.000, 0.000, 1.353, 1.400, 0.000, 0.900, 0, 1.800, -2, 5.000, 0, 0, 1, 0.000, 0, 193.000, -4.500, 2.000
6.100, 1, A, 193.200, -4.500, 0.000, 0.000, 0.000, 0.000, 24.000, 0.000, 5.363, 1.300, 0.000, 0.800, 0, 1.500, -2, 4.500, 2, 0, 1, 0.000, 0, 193.200, -4.500, 1.800
6.200, 0, Ego, 196.000, -4.500, 0.000, 0.000, 0.000, 0.000, 30.000, 0.000, 3.641, 1.400, 0.000, 0.900, 0, 1.800, -2, 5.000, 0, 0, 1, 0.000, 0, 196.000, -4.500, 2.000
6.200, 1, A, 195.600, -4.500, 0.000, 0.000, 0.000, 0.000, 24.000, 0.000, 5.937, 1.300, 0.000, 0.800, 0, 1.500, -2, 4.500, 2, 0, 1, 0.000, 0, 195.600, -4.500, 1.800
6.300, 0, Ego, 199.000, -4.500, 0.000, 0.000, 0.000, 0.000, 30.000, 0.000, 5.929, 1.400, 0.000, 0.900, 0, 1.800, -2, 5.000, 0, 0, 1, 0.000, 0, 199.000, -4.500, 2.000
6.300, 1, A, 198.000, -4.500, 0.000, 0.000, 0.000, 0.000, 24.000, 0.000, 0.228, 1.300, 0.000, 0.800, 0, 1.500, -2, 4.500, 2, 0, 1, 0.000, 0, 198.000, -4.500, 1.800
6.400, 0, Ego, 202.000, -4.500, 0.000, 0.000, 0.000, 0.000, 30.000, 0.000, 1.934, 1.400, 0.000, 0.900, 0, 1.800, -2, 5.000, 0, 0, 1, 0.000, 0, 202.000, -4.500, 2.000
6.400, 1, A, 200.400, -4.500, 0.000, 0.000, 0.000, 0.000, 24.000, 0.000, 0.802, 1.300, 0.000, 0.800, 0, 1.500, -2, 4.500, 2, 0, 1, 0.000, 0, 200.400, -4.500, 1.800
6.500, 0, Ego, 205.000, -4.500, 0.000, 0.000, 0.000, 0.000, 30.000, 0.000, 4.223, 1.400, 0.000, 0.900, 0, 1.800, -2, 5.000, 0, 0, 1, 0.000, 0, 205.000, -4.500, 2.000
6.500, 1, A, 202.800, -4.500, 0.000, 0.000, 0.000, 0.000, 24.000, 0.000, 1.376, 1.300, 0.000, 0.800, 0, 1.500, -2, 4.500, 2, 0, 1, 0.000, 0, 202.800, -4.500, 1.800
6.600, 0, Ego, 208.000, -4.500, 0.000, 0.000, 0.000, 0.000, 30.000, 0.000, 0.228, 1.400, 0.000, 0.900, 0, 1.800, -2, 5.000, 0, 0, 1, 0.000, 0, 208.000, -4.500, 2.000
6.600, 1, A, 205.200, -4.500, 0.000, 0.000, 0.000, 0.000, 24.000, 0.000, 1.949, 1.300, 0.000, 0.800, 0, 1.500, -2, 4.500, 2, 0, 1, 0.000, 0, 205.200, -4.500, 1.800
6.700, 0, Ego, 211.000, -4.500, 0.000, 0.000, 0.000, 0.000, 30.000, 0.000, 2.516, 1.400, 0.000, 0.900, 0, 1.800, -2, 5.000, 0, 0, 1, 0.000, 0, 211.000, -4.500, 2.000
6.700, 1, A, 207.600, -4.500, 0.000, 0.000, 0.000, 0.000, 24.000, 0.000, 2.523, 1.300, 0.000, 0.800, 0, 1.500, -2, 4.500, 2, 0, 1, 0.000, 0, 207.600, -4.500, 1.800
6.800, 0, Ego, 214.000, -4.500, 0.000, 0.000, 0.000, 0.000, 30.000, 0.000, 4.804, 1.400, 0.000, 0.900, 0, 1.800, -2, 5.000, 0, 0, 1, 0.000, 0, 214.000, -4.500, 2.000
6.800, 1, A, 210.000, -4.500, 0.000, 0.000, 0.000, 0.000, 24.000, 0.000, 3.097, 1.300, 0.000, 0.800, 0, 1.500, -2, 4.500, 2, 0, 1, 0.000, 0, 210.000, -4.500, 1.800
6.900, 0, Ego, 217.000, -4.500, 0.000, 0.000, 0.000, 0.000, 30.000, 0.000, 0.809, 1.400, 0.000, 0.900, 0, 1.800, -2, 5.000, 0, 0, 1, 0.000, 0, 217.000, -4.500, 2.000
6.900, 1, A, 212.400, -4.500, 0.000, 0.000, 0.000, 0.000, 24.000, 0.000, 3.671, 1.300, 0.000, 0.800, 0, 1.500, -2, 4.500, 2, 0, 1, 0.000, 0, 212.400, -4.500, 1.800
7.000, 0, Ego, 220.000, -4.500, 0.000, 0.000, 0.000, 0.000, 30.000, 0.000, 3.097, 1.400, 0.000, 0.900, 0, 1.800, -2, 5.000, 0, 0, 1, 0.000, 0, 220.000, -4.500, 2.000
7.000, 1, A, 214.800, -4.500, 0.000, 0.000, 0.000, 0.000, 24.000, 0.000, 4.245, 1.300, 0.000, 0.800, 0, 1.500, -2, 4.500, 2, 0, 1, 0.000, 0, 214.800, -4.500, 1.800
7.100, 0, Ego, 223.000, -4.500, 0.000, 0.000, 0.000, 0.000, 30.000, 0.000, 5.386, 1.400, 0.000, 0.900, 0, 1.800, -2, 5.000, 0, 0, 1, 0.000, 0, 223.000, -4.500, 2.000
7.100, 1, A, 217.200, -4.500, 0.000, 0.000, 0.000, 0.000, 24.000, 0.000, 4.819, 1.300, 0.000, 0.800, 0, 1.500, -2, 4.500, 2, 0, 1, 0.000, 0, 217.200, -4.500, 1.800
7.200, 0, Ego, 226.000, -4.500, 0.000, 0.000, 0.000, 0.000, 30.000, 0.000, 1.391, 1.400, 0.000, 0.900, 0, 1.800, -2, 5.000, 0, 0, 1, 0.000, 0, 226.000, -4.500, 2.000
7.200, 1, A, 219.600, -4.500, 0.000, 0.000, 0.000, 0.000, 24.000, 0.000, 5.393, 1.300, 0.000, 0.800, 0, 1.500, -2, 4.500, 2, 0, 1, 0.000, 0, 219.600, -4.500, 1.800
7.300, 0, Ego, 229.000, -4.500, 0.000, 0.000, 0.000, 0.000, 30.000, 0.000, 3.679, 1.400, 0.000, 0.900, 0, 1.800, -2, 5.000, 0, 0, 1, 0.000, 0, 229.000, -4.500, 2.000
7.300, 1, A, 222.000, -4.500, 0.000, 0.000, 0.000, 0.000, 24.000, 0.000, 5.967, 1.300, 0.000, 0.800, 0, 1.500, -2, 4.500, 2, 0, 1, 0.000, 0, 222.000, -4.500, 1.800
7.400, 0, Ego, 232.000, -4.500, 0.000, 0.000, 0.000, 0.000, 30.000, 0.000, 5.967, 1.400, 0.000, 0.900, 0, 1.800, -2, 5.000, 0, 0, 1, 0.000, 0, 232.000, -4.500, 2.000
7.400, 1, A, 224.400, -4.500, 0.000, 0.000, 0.000, 0.000, 24.000, 0.000, 0.258, 1.300, 0.000, 0.800, 0, 1.500, -2, 4.500, 2, 0, 1, 0.000, 0, 224.400, -4.500, 1.800
7.500, 0, Ego, 235.000, -4.500, 0.000, 0.000, 0.000, 0.000, 30.000, 0.000, 1.972, 1.400, 0.000, 0.900, 0, 1.800, -2, 5.000, 0, 0, 1, 0.000, 0, 235.000, -4.500, 2.000
7.500, 1, A, 226.800, -4.500, 0.000, 0.000, 0.000, 0.000, 24.000, 0.000, 0.832, 1.300, 0.000, 0.800, 0, 1.500, -2, 4.500, 2, 0, 1, 0.000, 0, 226.800, -4.500, 1.800
7.600, 0, Ego, 238.000, -4.500, 0.000, 0.000, 0.000, 0.000, 30.000, 0.000, 4.260, 1.400, 0.000, 0.900, 0, 1.800, -2, 5.000, 0, 0, 1, 0.000, 0, 238.000, -4.500, 2.000
7.600, 1, A, 229.200, -4.500, 0.000, 0.000, 0.000, 0.000, 24.000, 0.000, 1.406, 1.300, 0.000, 0.800, 0, 1.500, -2, 4.500, 2, 0, 1, 0.000, 0, 229.200, -4.500, 1.800
7.700, 0, Ego, 241.000, -4.500, 0.000, 0.000, 0.000, 0.000, 30.000, 0.000, 0.266, 1.400, 0.000, 0.900, 0, 1.800, -2, 5.000, 0, 0, 1, 0.000, 0, 241.000, -4.500, 2.000
7.700, 1, A, 231.600, -4.500, 0.000, 0.000, 0.000, 0.000, 24.000, 0.000, 1.980, 1.300, 0.000, 0.800, 0, 1.500, -2, 4.500, 2, 0, 1, 0.000, 0, 231.600, -4.500, 1.800
7.800, 0, Ego, 244.000, -4.500, 0.000, 0.000, 0.000, 0.000, 30.000, 0.000, 2.554, 1.400, 0.000, 0.900, 0, 1.800, -2, 5.000, 0, 0, 1, 0.000, 0, 244.000, -4.500, 2.000
7.800, 1, A, 234.000, -4.500, 0.000, 0.000, 0.000, 0.000, 24.000, 0.000, 2.554, 1.300, 0.000, 0.800, 0, 1.500, -2, 4.500, 2, 0, 1, 0.000, 0, 234.000, -4.500, 1.800
7.900, 0, Ego, 247.000, -4.500, 0.000, 0.000, 0.000, 0.000, 30.000, 0.000, 4.842, 1.400, 0.000, 0.900, 0, 1.800, -2, 5.000, 0, 0, 1, 0.000, 0, 247.000, -4.500, 2.000
7.900, 1, A, 236.400, -4.500, 0.000, 0.000, 0.000, 0.000, 24.000, 0.000, 3.128, 1.300, 0.000, 0.800, 0, 1.500, -2, 4.500, 2, 0, 1, 0.000, 0, 236.400, -4.500, 1.800
8.000, 0, Ego, 250.000, -4.500, 0.000, 0.000, 0.000, 0.000, 30.000, 0.000, 0.847, 1.400, 0.000, 0.900, 0, 1.800, -2, 5.000, 0, 0, 1, 0.000, 0, 250.000, -4.500, 2.000
8.000, 1, A, 238.800, -4.500, 0.000, 0.000, 0.000, 0.000, 24.000, 0.000, 3.702, 1.300, 0.000, 0.800, 0, 1.500, -2, 4.500, 2, 0, 1, 0.000, 0, 238.800, -4.500, 1.800
8.100, 0, Ego, 253.000, -4.500, 0.000, 0.000, 0.000, 0.000, 30.000, 0.000, 3.135, 1.400, 0.000, 0.900, 0, 1.800, -2, 5.000, 0, 0, 1, 0.000, 0, 253.000, -4.500, 2.000
8.100, 1, A, 241.200, -4.500, 0.000, 0.000, 0.000, 0.000, 24.000, 0.000, 4.276, 1.300, 0.000, 0.800, 0, 1.500, -2, 4.500, 2, 0, 1, 0.000, 0, 241.200, -4.500, 1.800
8.200, 0, Ego, 256.000, -4.500, 0.000, 0.000, 0.000, 0.000, 30.000, 0.000, 5.424, 1.400, 0.000, 0.900, 0, 1.800, -2, 5.000, 0, 0, 1, 0.000, 0, 256.000, -4.500, 2.000
8.200, 1, A, 243.600, -4.500, 0.000, 0.000, 0.000, 0.000, 24.000, 0.000, 4.850, 1.300, 0.000, 0.800, 0, 1.500, -2, 4.500, 2, 0, 1, 0.000, 0, 243.600, -4.500, 1.800
8.300, 0, Ego, 259.000, -4.500, 0.000, 0.000, 0.000, 0.000, 30.000, 0.000, 1.429, 1.400, 0.000, 0.900, 0, 1.800, -2, 5.000, 0, 0, 1, 0.000, 0, 259.000, -4.500, 2.000
8.300, 1, A, 246.000, -4.500, 0.000, 0.000, 0.000, 0.000, 24.000, 0.000, 5.424, 1.300, 0.000, 0.800, 0, 1.500, -2, 4.500, 2, 0, 1, 0.000, 0, 246.000, -4.500, 1.800
8.400, 0, Ego, 262.000, -4.500, 0.000, 0.000, 0.000, 0.000, 30.000, 0.000, 3.717, 1.400, 0.000, 0.900, 0, 1.800, -2, 5.000, 0, 0, 1, 0.000, 0, 262.000, -4.500, 2.000
8.400, 1, A, 248.400, -4.500, 0.000, 0.000, 0.000, 0.000, 24.000, 0.000, 5.998, 1.300, 0.000, 0.800, 0, 1.500, -2, 4.500, 2, 0, 1, 0.000, 0, 248.400, -4.500, 1.800
8.500, 0, Ego, 265.000, -4.500, 0.000, 0.000, 0.000, 0.000, 30.000, 0.000, 6.005, 1.400, 0.000, 0.900, 0, 1.800, -2, 5.000, 0, 0, 1, 0.000, 0, 265.000, -4.500, 2.000
8.500, 1, A, 250.800, -4.500, 0.000, 0.000, 0.000, 0.000, 24.000, 0.000, 0.288, 1.300, 0.000, 0.800, 0, 1.500, -2, 4.500, 2, 0, 1, 0.000, 0, 250.800, -4.500, 1.800
8.600, 0, Ego, 268.000, -4.500, 0.000, 0.000, 0.000, 0.000, 30.000, 0.000, 2.010, 1.400, 0.000, 0.900, 0, 1.800, -2, 5.000, 0, 0, 1, 0.000, 0, 268.000, -4.500, 2.000
8.600, 1, A, 253.200, -4.500, 0.000, 0.000, 0.000, 0.000, 24.000, 0.000, 0.862, 1.300, 0.000, 0.800, 0, 1.500, -2, 4.500, 2, 0, 1, 0.000, 0, 253.200, -4.500, 1.800
8.700, 0, Ego, 271.000, -4.500, 0.000, 0.000, 0.000, 0.000, 30.000, 0.000, 4.298, 1.400, 0.000, 0.900, 0, 1.800, -2, 5.000, 0, 0, 1, 0.000, 0, 271.000, -4.500, 2.000
8.700, 1, A, 255.600, -4.500, 0.000, 0.000, 0.000, 0.000, 24.000, 0.000, 1.436, 1.300, 0.000, 0.800, 0, 1.500, -2, 4.500, 2, 0, 1, 0.000, 0, 255.600, -4.500, 1.800
8.800, 0, Ego, 274.000, -4.500, 0.000, 0.000, 0.000, 0.000, 30.000, 0.000, 0.303, 1.400, 0.000, 0.900, 0, 1.800, -2, 5.000, 0, 0, 1, 0.000, 0, 274.000, -4.500, 2.000
8.800, 1, A, 258.000, -4.500, 0.000, 0.000, 0.000, 0.000, 24.000, 0.000, 2.010, 1.300, 0.000, 0.800, 0, 1.500, -2, 4.500, 2, 0, 1, 0.000, 0, 258.000, -4.500, 1.800
8.900, 0, Ego, 277.000, -4.500, 0.000, 0.000, 0.000, 0.000, 30.000, 0.000, 2.592, 1.400, 0.000, 0.900, 0, 1.800, -2, 5.000, 0, 0, 1, 0.000, 0, 277.000, -4.500, 2.000
8.900, 1, A, 260.400, -4.500, 0.000, 0.000, 0.000, 0.000, 24.000, 0.000, 2.584, 1.300, 0.000, 0.800, 0, 1.500, -2, 4.500, 2, 0, 1, 0.000, 0, 260.400, -4.500, 1.800
9.000, 0, Ego, 280.000, -4.500, 0.000, 0.000, 0.000, 0.000, 30.000, 0.000, 4.880, 1.400, 0.000, 0.900, 0, 1.800, -2, 5.000, 0, 0, 1, 0.000, 0, 280.000, -4.500, 2.000
9.000, 1, A, 262.800, -4.500, 0.000, 0.000, 0.000, 0.000, 24.000, 0.000, 3.158, 1.300, 0.000, 0.800, 0, 1.500, -2, 4.500, 2, 0, 1, 0.000, 0, 262.800, -4.500, 1.800
9.100, 0, Ego, 283.000, -4.500, 0.000, 0.000, 0.000, 0.000, 30.000, 0.000, 0.885, 1.400, 0.000, 0.900, 0, 1.800, -2, 5.000, 0, 0, 1, 0.000, 0, 283.000, -4.500, 2.000
9.100, 1, A, 265.200, -4.500, 0.000, 0.000, 0.000, 0.000, 24.000, 0.000, 3.732, 1.300, 0.000, 0.800, 0, 1.500, -2, 4.500, 2, 0, 1, 0.000, 0, 265.200, -4.500, 1.800
9.200, 0, Ego, 286.000, -4.500, 0.000, 0.000, 0.000, 0.000, 30.000, 0.000, 3.173, 1.400, 0.000, 0.900, 0, 1.800, -2, 5.000, 0, 0, 1, 0.000, 0, 286.000, -4.500, 2.000
9.200, 1, A, 267.600, -4.500, 0.000, 0.000, 0.000, 0.000, 24.000, 0.000, 4.306, 1.300, 0.000, 0.800, 0, 1.500, -2, 4.500, 2, 0, 1, 0.000, 0, 267.600, -4.500, 1.800
9.300, 0, Ego, 289.000, -4.500, 0.000, 0.000, 0.000, 0.000, 30.000, 0.000, 5.462, 1.400, 0.000, 0.900, 0, 1.800, -2, 5.000, 0, 0, 1, 0.000, 0, 289.000, -4.500, 2.000
9.300, 1, A, 270.000, -4.500, 0.000, 0.000, 0.000, 0.000, 24.000, 0.000, 4.880, 1.300, 0.000, 0.800, 0, 1.500, -2, 4.500, 2, 0, 1, 0.000, 0, 270.000, -4.500, 1.800
9.400, 0, Ego, 292.000, -4.500, 0.000, 0.000, 0.000, 0.000, 30.000, 0.000, 1.467, 1.400, 0.000, 0.900, 0, 1.800, -2, 5.000, 0, 0, 1, 0.000, 0, 292.000, -4.500, 2.000
9.400, 1, A, 272.400, -4.500, 0.000, 0.000, 0.000, 0.000, 24.000, 0.000, 5.454, 1.300, 0.000, 0.800, 0, 1.500, -2, 4.500, 2, 0, 1, 0.000, 0, 272.400, -4.500, 1.800
9.500, 0, Ego, 295.000, -4.500, 0.000, 0.000, 0.000, 0.000, 30.000, 0.000, 3.755, 1.400, 0.000, 0.900, 0, 1.800, -2, 5.000, 0, 0, 1, 0.000, 0, 295.000, -4.500, 2.000
9.500, 1, A, 274.800, -4.500, 0.000, 0.000, 0.000, 0.000, 24.000, 0.000, 6.028, 1.300, 0.000, 0.800, 0, 1.500, -2, 4.500, 2, 0, 1, 0.000, 0, 274.800, -4.500, 1.800
9.600, 0, Ego, 298.000, -4.500, 0.000, 0.000, 0.000, 0.000, 30.000, 0.000, 6.043, 1.400, 0.000, 0.900, 0, 1.800, -2, 5.000, 0, 0, 1, 0.000, 0, 298.000, -4.500, 2.000
9.600, 1, A, 277.200, -4.500, 0.000, 0.000, 0.000, 0.000, 24.000, 0.000, 0.319, 1.300, 0.000, 0.800, 0, 1.500, -2, 4.500, 2, 0, 1, 0.000, 0, 277.200, -4.500, 1.800
9.700, 0, Ego, 301.000, -4.500, 0.000, 0.000, 0.000, 0.000, 30.000, 0.000, 2.048, 1.400, 0.000, 0.900, 0, 1.800, -2, 5.000, 0, 0, 1, 0.000, 0, 301.000, -4.500, 2.000
9.700, 1, A, 279.600, -4.500, 0.000, 0.000, 0.000, 0.000, 24.000, 0.000, 0.893, 1.300, 0.000, 0.800, 0, 1.500, -2, 4.500, 2, 0, 1, 0.000, 0, 279.600, -4.500, 1.800
9.800, 0, Ego, 304.000, -4.500, 0.000, 0.000, 0.000, 0.000, 30.000, 0.000, 4.336, 1.400, 0.000, 0.900, 0, 1.800, -2, 5.000, 0, 0, 1, 0.000, 0, 304.000, -4.500, 2.000
9.800, 1, A, 282.000, -4.500, 0.000, 0.000, 0.000, 0.000, 24.000, 0.000, 1.467, 1.300, 0.000, 0.800, 0, 1.500, -2, 4.500, 2, 0, 1, 0.000, 0, 282.000, -4.500, 1.800
9.900, 0, Ego, 307.000, -4.500, 0.000, 0.000, 0.000, 0.000, 30.000, 0.000, 0.341, 1.400, 0.000, 0.900, 0, 1.800, -2, 5.000, 0, 0, 1, 0.000, 0, 307.000, -4.500, 2.000
9.900, 1, A, 284.400, -4.500, 0.000, 0.000, 0.000, 0.000, 24.000, 0.000, 2.041, 1.300, 0.000, 0.800, 0, 1.500, -2, 4.500, 2, 0, 1, 0.000, 0, 284.400, -4.500, 1.800
